chr1	2500000	3500000	0.018892
chr1	3500000	4500000	0.037999
chr1	4500000	5500000	0.043375
chr1	5500000	6500000	0.039484
chr1	6500000	7500000	0.040064
chr1	7500000	8500000	0.03706
chr1	8500000	9500000	0.036557
chr1	9500000	10500000	0.044653
chr1	10500000	11500000	0.040143
chr1	11500000	12500000	0.038178
chr1	12500000	13500000	0.050759
chr1	13500000	14500000	0.04507
chr1	14500000	15500000	0.041052
chr1	15500000	16500000	0.044931
chr1	16500000	17500000	0.041984
chr1	17500000	18500000	0.036502
chr1	18500000	19500000	0.038294
chr1	19500000	20500000	0.03849
chr1	20500000	21500000	0.047731
chr1	21500000	22500000	0.038207
chr1	22500000	23500000	0.041365
chr1	23500000	24500000	0.044605
chr1	24500000	25500000	0.04101
chr1	25500000	26500000	0.036246
chr1	26500000	27500000	0.034139
chr1	27500000	28500000	0.033363
chr1	28500000	29500000	0.032831
chr1	29500000	30500000	0.035989
chr1	30500000	31500000	0.041933
chr1	31500000	32500000	0.036026
chr1	32500000	33500000	0.03971
chr1	33500000	34500000	0.054229
chr1	34500000	35500000	0.051144
chr1	35500000	36500000	0.055338
chr1	36500000	37500000	0.059011
chr1	37500000	38500000	0.052712
chr1	38500000	39500000	0.055387
chr1	39500000	40500000	0.052853
chr1	40500000	41500000	0.045129
chr1	41500000	42500000	0.040438
chr1	42500000	43500000	0.049866
chr1	43500000	44500000	0.042956
chr1	44500000	45500000	0.035548
chr1	45500000	46500000	0.0405
chr1	46500000	47500000	0.039124
chr1	47500000	48500000	0.034959
chr1	48500000	49500000	0.033331
chr1	49500000	50500000	0.032753
chr1	50500000	51500000	0.03906
chr1	51500000	52500000	0.04797
chr1	52500000	53500000	0.043332
chr1	53500000	54500000	0.043589
chr1	54500000	55500000	0.047587
chr1	55500000	56500000	0.041275
chr1	56500000	57500000	0.044891
chr1	57500000	58500000	0.050324
chr1	58500000	59500000	0.050339
chr1	59500000	60500000	0.045433
chr1	60500000	61500000	0.044831
chr1	61500000	62500000	0.041928
chr1	62500000	63500000	0.050226
chr1	63500000	64500000	0.046313
chr1	64500000	65500000	0.047047
chr1	65500000	66500000	0.038726
chr1	66500000	67500000	0.041167
chr1	67500000	68500000	0.036101
chr1	68500000	69500000	0.037507
chr1	69500000	70500000	0.039373
chr1	70500000	71500000	0.041391
chr1	71500000	72500000	0.050865
chr1	72500000	73500000	0.049032
chr1	73500000	74500000	0.053932
chr1	74500000	75500000	0.05691
chr1	75500000	76500000	0.047712
chr1	76500000	77500000	0.043384
chr1	77500000	78500000	0.046739
chr1	78500000	79500000	0.043338
chr1	79500000	80500000	0.045978
chr1	80500000	81500000	0.038618
chr1	81500000	82500000	0.042318
chr1	82500000	83500000	0.04552
chr1	83500000	84500000	0.041807
chr1	84500000	85500000	0.043582
chr1	85500000	86500000	0.05451
chr1	86500000	87500000	0.052772
chr1	87500000	88500000	0.05304
chr1	88500000	89500000	0.055497
chr1	89500000	90500000	0.060992
chr1	90500000	91500000	0.058503
chr1	91500000	92500000	0.058519
chr1	92500000	93500000	0.060183
chr1	93500000	94500000	0.047781
chr1	94500000	95500000	0.035401
chr1	95500000	96500000	0.03467
chr1	96500000	97500000	0.035517
chr1	97500000	98500000	0.041326
chr1	98500000	99500000	0.035146
chr1	99500000	100500000	0.035861
chr1	100500000	101500000	0.0363
chr1	101500000	102500000	0.035594
chr1	102500000	103500000	0.036164
chr1	103500000	104500000	0.034089
chr1	104500000	105500000	0.041592
chr1	105500000	106500000	0.046155
chr1	106500000	107500000	0.04172
chr1	107500000	108500000	0.036967
chr1	108500000	109500000	0.032986
chr1	109500000	110500000	0.033091
chr1	110500000	111500000	0.032518
chr1	111500000	112500000	0.035227
chr1	112500000	113500000	0.036638
chr1	113500000	114500000	0.037036
chr1	114500000	115500000	0.034588
chr1	115500000	116500000	0.037077
chr1	116500000	117500000	0.036076
chr1	117500000	118500000	0.041222
chr1	118500000	119500000	0.058908
chr1	119500000	120500000	0.052404
chr1	120500000	121500000	0.050687
chr1	121500000	122500000	0.041022
chr1	122500000	123500000	0.036465
chr1	123500000	124500000	0.036169
chr1	124500000	125500000	0.042325
chr1	125500000	126500000	0.047194
chr1	126500000	127500000	0.049846
chr1	127500000	128500000	0.048781
chr1	128500000	129500000	0.044835
chr1	129500000	130500000	0.039652
chr1	130500000	131500000	0.050404
chr1	131500000	132500000	0.056848
chr1	132500000	133500000	0.062067
chr1	133500000	134500000	0.057911
chr1	134500000	135500000	0.058294
chr1	135500000	136500000	0.060299
chr1	136500000	137500000	0.050675
chr1	137500000	138500000	0.040215
chr1	138500000	139500000	0.044633
chr1	139500000	140500000	0.034664
chr1	140500000	141500000	0.035088
chr1	141500000	142500000	0.032708
chr1	142500000	143500000	0.034339
chr1	143500000	144500000	0.040504
chr1	144500000	145500000	0.033944
chr1	145500000	146500000	0.035006
chr1	146500000	147500000	0.032888
chr1	147500000	148500000	0.033917
chr1	148500000	149500000	0.034956
chr1	149500000	150500000	0.040013
chr1	150500000	151500000	0.045676
chr1	151500000	152500000	0.051334
chr1	152500000	153500000	0.054168
chr1	153500000	154500000	0.050193
chr1	154500000	155500000	0.050888
chr1	155500000	156500000	0.049261
chr1	156500000	157500000	0.049486
chr1	157500000	158500000	0.044613
chr1	158500000	159500000	0.042704
chr1	159500000	160500000	0.046119
chr1	160500000	161500000	0.044087
chr1	161500000	162500000	0.044616
chr1	162500000	163500000	0.043786
chr1	163500000	164500000	0.046134
chr1	164500000	165500000	0.047576
chr1	165500000	166500000	0.052721
chr1	166500000	167500000	0.050639
chr1	167500000	168500000	0.051251
chr1	168500000	169500000	0.041147
chr1	169500000	170500000	0.048361
chr1	170500000	171500000	0.055969
chr1	171500000	172500000	0.051742
chr1	172500000	173500000	0.042441
chr1	173500000	174500000	0.037364
chr1	174500000	175500000	0.042089
chr1	175500000	176500000	0.045677
chr1	176500000	177500000	0.045338
chr1	177500000	178500000	0.047846
chr1	178500000	179500000	0.054289
chr1	179500000	180500000	0.055116
chr1	180500000	181500000	0.057442
chr1	181500000	182500000	0.053753
chr1	182500000	183500000	0.052252
chr1	183500000	184500000	0.047848
chr1	184500000	185500000	0.0548
chr1	185500000	186500000	0.04635
chr1	186500000	187500000	0.051046
chr1	187500000	188500000	0.048603
chr1	188500000	189500000	0.050363
chr1	189500000	190500000	0.056624
chr1	190500000	191500000	0.058904
chr1	191500000	192500000	0.052476
chr1	192500000	193500000	0.052631
chr1	193500000	194500000	0.043312
chr1	194500000	195471971	0.0384559
chr2	2500000	3500000	0.02213
chr2	3500000	4500000	0.049537
chr2	4500000	5500000	0.053736
chr2	5500000	6500000	0.053448
chr2	6500000	7500000	0.04345
chr2	7500000	8500000	0.03684
chr2	8500000	9500000	0.037656
chr2	9500000	10500000	0.050157
chr2	10500000	11500000	0.04714
chr2	11500000	12500000	0.04562
chr2	12500000	13500000	0.042169
chr2	13500000	14500000	0.041404
chr2	14500000	15500000	0.040505
chr2	15500000	16500000	0.036384
chr2	16500000	17500000	0.03846
chr2	17500000	18500000	0.046253
chr2	18500000	19500000	0.048643
chr2	19500000	20500000	0.04295
chr2	20500000	21500000	0.047453
chr2	21500000	22500000	0.036898
chr2	22500000	23500000	0.039108
chr2	23500000	24500000	0.040352
chr2	24500000	25500000	0.060957
chr2	25500000	26500000	0.065695
chr2	26500000	27500000	0.061435
chr2	27500000	28500000	0.063709
chr2	28500000	29500000	0.062657
chr2	29500000	30500000	0.066606
chr2	30500000	31500000	0.067027
chr2	31500000	32500000	0.067012
chr2	32500000	33500000	0.065311
chr2	33500000	34500000	0.057704
chr2	34500000	35500000	0.055766
chr2	35500000	36500000	0.055849
chr2	36500000	37500000	0.037533
chr2	37500000	38500000	0.048771
chr2	38500000	39500000	0.048308
chr2	39500000	40500000	0.03525
chr2	40500000	41500000	0.033739
chr2	41500000	42500000	0.035248
chr2	42500000	43500000	0.034885
chr2	43500000	44500000	0.040734
chr2	44500000	45500000	0.041735
chr2	45500000	46500000	0.036372
chr2	46500000	47500000	0.034337
chr2	47500000	48500000	0.037148
chr2	48500000	49500000	0.040554
chr2	49500000	50500000	0.047847
chr2	50500000	51500000	0.043914
chr2	51500000	52500000	0.047679
chr2	52500000	53500000	0.046576
chr2	53500000	54500000	0.037308
chr2	54500000	55500000	0.034531
chr2	55500000	56500000	0.034648
chr2	56500000	57500000	0.041484
chr2	57500000	58500000	0.040575
chr2	58500000	59500000	0.047031
chr2	59500000	60500000	0.052205
chr2	60500000	61500000	0.046548
chr2	61500000	62500000	0.039983
chr2	62500000	63500000	0.036986
chr2	63500000	64500000	0.038609
chr2	64500000	65500000	0.042292
chr2	65500000	66500000	0.043377
chr2	66500000	67500000	0.036469
chr2	67500000	68500000	0.044305
chr2	68500000	69500000	0.044852
chr2	69500000	70500000	0.050569
chr2	70500000	71500000	0.051138
chr2	71500000	72500000	0.054726
chr2	72500000	73500000	0.051186
chr2	73500000	74500000	0.048231
chr2	74500000	75500000	0.050251
chr2	75500000	76500000	0.050308
chr2	76500000	77500000	0.049881
chr2	77500000	78500000	0.043322
chr2	78500000	79500000	0.041742
chr2	79500000	80500000	0.042681
chr2	80500000	81500000	0.040356
chr2	81500000	82500000	0.034903
chr2	82500000	83500000	0.036319
chr2	83500000	84500000	0.042235
chr2	84500000	85500000	0.049471
chr2	85500000	86500000	0.033571
chr2	86500000	87500000	0.033065
chr2	87500000	88500000	0.034002
chr2	88500000	89500000	0.032888
chr2	89500000	90500000	0.038829
chr2	90500000	91500000	0.054746
chr2	91500000	92500000	0.054729
chr2	92500000	93500000	0.061035
chr2	93500000	94500000	0.055867
chr2	94500000	95500000	0.039546
chr2	95500000	96500000	0.03526
chr2	96500000	97500000	0.034327
chr2	97500000	98500000	0.033711
chr2	98500000	99500000	0.032825
chr2	99500000	100500000	0.03338
chr2	100500000	101500000	0.037042
chr2	101500000	102500000	0.052153
chr2	102500000	103500000	0.047984
chr2	103500000	104500000	0.053439
chr2	104500000	105500000	0.049509
chr2	105500000	106500000	0.043754
chr2	106500000	107500000	0.043233
chr2	107500000	108500000	0.036002
chr2	108500000	109500000	0.036622
chr2	109500000	110500000	0.042506
chr2	110500000	111500000	0.034272
chr2	111500000	112500000	0.039022
chr2	112500000	113500000	0.045159
chr2	113500000	114500000	0.044612
chr2	114500000	115500000	0.038176
chr2	115500000	116500000	0.043822
chr2	116500000	117500000	0.045909
chr2	117500000	118500000	0.0473
chr2	118500000	119500000	0.058381
chr2	119500000	120500000	0.054393
chr2	120500000	121500000	0.051174
chr2	121500000	122500000	0.051658
chr2	122500000	123500000	0.041821
chr2	123500000	124500000	0.03966
chr2	124500000	125500000	0.049337
chr2	125500000	126500000	0.047739
chr2	126500000	127500000	0.052812
chr2	127500000	128500000	0.05366
chr2	128500000	129500000	0.050902
chr2	129500000	130500000	0.052788
chr2	130500000	131500000	0.055269
chr2	131500000	132500000	0.052602
chr2	132500000	133500000	0.047299
chr2	133500000	134500000	0.040274
chr2	134500000	135500000	0.04245
chr2	135500000	136500000	0.04403
chr2	136500000	137500000	0.043471
chr2	137500000	138500000	0.03989
chr2	138500000	139500000	0.038824
chr2	139500000	140500000	0.042313
chr2	140500000	141500000	0.038928
chr2	141500000	142500000	0.040084
chr2	142500000	143500000	0.043674
chr2	143500000	144500000	0.05346
chr2	144500000	145500000	0.046348
chr2	145500000	146500000	0.050951
chr2	146500000	147500000	0.047649
chr2	147500000	148500000	0.045627
chr2	148500000	149500000	0.040298
chr2	149500000	150500000	0.041492
chr2	150500000	151500000	0.048644
chr2	151500000	152500000	0.059073
chr2	152500000	153500000	0.059668
chr2	153500000	154500000	0.055557
chr2	154500000	155500000	0.053389
chr2	155500000	156500000	0.059426
chr2	156500000	157500000	0.062035
chr2	157500000	158500000	0.059777
chr2	158500000	159500000	0.053697
chr2	159500000	160500000	0.04746
chr2	160500000	161500000	0.05034
chr2	161500000	162500000	0.044744
chr2	162500000	163500000	0.058472
chr2	163500000	164500000	0.058205
chr2	164500000	165500000	0.065745
chr2	165500000	166500000	0.064237
chr2	166500000	167500000	0.065585
chr2	167500000	168500000	0.068318
chr2	168500000	169500000	0.060938
chr2	169500000	170500000	0.058247
chr2	170500000	171500000	0.051429
chr2	171500000	172500000	0.054773
chr2	172500000	173500000	0.064939
chr2	173500000	174500000	0.057408
chr2	174500000	175500000	0.047329
chr2	175500000	176500000	0.02897
chr2	176500000	177500000	0.039318
chr2	177500000	178500000	0.042308
chr2	178500000	179500000	0.056588
chr2	179500000	180500000	0.065974
chr2	180500000	181500000	0.060302
chr2	181500000	182113224	0.042438
chr3	2500000	3500000	0.020139
chr3	3500000	4500000	0.034595
chr3	4500000	5500000	0.036608
chr3	5500000	6500000	0.036548
chr3	6500000	7500000	0.036198
chr3	7500000	8500000	0.038771
chr3	8500000	9500000	0.054249
chr3	9500000	10500000	0.051974
chr3	10500000	11500000	0.037309
chr3	11500000	12500000	0.035112
chr3	12500000	13500000	0.034426
chr3	13500000	14500000	0.036541
chr3	14500000	15500000	0.039108
chr3	15500000	16500000	0.032263
chr3	16500000	17500000	0.03541
chr3	17500000	18500000	0.037938
chr3	18500000	19500000	0.042577
chr3	19500000	20500000	0.041668
chr3	20500000	21500000	0.038783
chr3	21500000	22500000	0.044078
chr3	22500000	23500000	0.03711
chr3	23500000	24500000	0.035156
chr3	24500000	25500000	0.036908
chr3	25500000	26500000	0.037726
chr3	26500000	27500000	0.048715
chr3	27500000	28500000	0.051179
chr3	28500000	29500000	0.043403
chr3	29500000	30500000	0.043608
chr3	30500000	31500000	0.050512
chr3	31500000	32500000	0.045503
chr3	32500000	33500000	0.047949
chr3	33500000	34500000	0.046005
chr3	34500000	35500000	0.050697
chr3	35500000	36500000	0.045431
chr3	36500000	37500000	0.045699
chr3	37500000	38500000	0.048229
chr3	38500000	39500000	0.043806
chr3	39500000	40500000	0.041059
chr3	40500000	41500000	0.044552
chr3	41500000	42500000	0.041341
chr3	42500000	43500000	0.034248
chr3	43500000	44500000	0.033242
chr3	44500000	45500000	0.034383
chr3	45500000	46500000	0.034006
chr3	46500000	47500000	0.033781
chr3	47500000	48500000	0.033756
chr3	48500000	49500000	0.03528
chr3	49500000	50500000	0.038923
chr3	50500000	51500000	0.047994
chr3	51500000	52500000	0.056412
chr3	52500000	53500000	0.051612
chr3	53500000	54500000	0.045658
chr3	54500000	55500000	0.050771
chr3	55500000	56500000	0.043518
chr3	56500000	57500000	0.040189
chr3	57500000	58500000	0.044561
chr3	58500000	59500000	0.046941
chr3	59500000	60500000	0.036537
chr3	60500000	61500000	0.040125
chr3	61500000	62500000	0.038319
chr3	62500000	63500000	0.037464
chr3	63500000	64500000	0.040851
chr3	64500000	65500000	0.041442
chr3	65500000	66500000	0.046621
chr3	66500000	67500000	0.042798
chr3	67500000	68500000	0.045517
chr3	68500000	69500000	0.050613
chr3	69500000	70500000	0.044452
chr3	70500000	71500000	0.034377
chr3	71500000	72500000	0.03257
chr3	72500000	73500000	0.034565
chr3	73500000	74500000	0.034024
chr3	74500000	75500000	0.035401
chr3	75500000	76500000	0.037027
chr3	76500000	77500000	0.034194
chr3	77500000	78500000	0.035693
chr3	78500000	79500000	0.045983
chr3	79500000	80500000	0.043266
chr3	80500000	81500000	0.037837
chr3	81500000	82500000	0.040239
chr3	82500000	83500000	0.045425
chr3	83500000	84500000	0.054377
chr3	84500000	85500000	0.050875
chr3	85500000	86500000	0.047508
chr3	86500000	87500000	0.047315
chr3	87500000	88500000	0.061896
chr3	88500000	89500000	0.061226
chr3	89500000	90500000	0.05801
chr3	90500000	91500000	0.040468
chr3	91500000	92500000	0.036476
chr3	92500000	93500000	0.042497
chr3	93500000	94500000	0.046329
chr3	94500000	95500000	0.054859
chr3	95500000	96500000	0.05659
chr3	96500000	97500000	0.053457
chr3	97500000	98500000	0.053945
chr3	98500000	99500000	0.043025
chr3	99500000	100500000	0.044415
chr3	100500000	101500000	0.054802
chr3	101500000	102500000	0.053883
chr3	102500000	103500000	0.048615
chr3	103500000	104500000	0.048811
chr3	104500000	105500000	0.052985
chr3	105500000	106500000	0.043785
chr3	106500000	107500000	0.044594
chr3	107500000	108500000	0.058172
chr3	108500000	109500000	0.049436
chr3	109500000	110500000	0.040604
chr3	110500000	111500000	0.033015
chr3	111500000	112500000	0.033261
chr3	112500000	113500000	0.030927
chr3	113500000	114500000	0.033847
chr3	114500000	115500000	0.035271
chr3	115500000	116500000	0.047909
chr3	116500000	117500000	0.046339
chr3	117500000	118500000	0.038924
chr3	118500000	119500000	0.037224
chr3	119500000	120500000	0.040478
chr3	120500000	121500000	0.047107
chr3	121500000	122500000	0.053492
chr3	122500000	123500000	0.04826
chr3	123500000	124500000	0.039372
chr3	124500000	125500000	0.034973
chr3	125500000	126500000	0.038009
chr3	126500000	127500000	0.045633
chr3	127500000	128500000	0.046335
chr3	128500000	129500000	0.044428
chr3	129500000	130500000	0.051673
chr3	130500000	131500000	0.049649
chr3	131500000	132500000	0.043029
chr3	132500000	133500000	0.046248
chr3	133500000	134500000	0.040219
chr3	134500000	135500000	0.041236
chr3	135500000	136500000	0.044345
chr3	136500000	137500000	0.041714
chr3	137500000	138500000	0.049749
chr3	138500000	139500000	0.04747
chr3	139500000	140500000	0.037754
chr3	140500000	141500000	0.036233
chr3	141500000	142500000	0.041625
chr3	142500000	143500000	0.043138
chr3	143500000	144500000	0.047991
chr3	144500000	145500000	0.046984
chr3	145500000	146500000	0.055273
chr3	146500000	147500000	0.046646
chr3	147500000	148500000	0.040415
chr3	148500000	149500000	0.048691
chr3	149500000	150500000	0.037746
chr3	150500000	151500000	0.036979
chr3	151500000	152500000	0.048078
chr3	152500000	153500000	0.053009
chr3	153500000	154500000	0.052988
chr3	154500000	155500000	0.044028
chr3	155500000	156500000	0.036934
chr3	156500000	157500000	0.041687
chr3	157500000	158500000	0.041253
chr3	158500000	159500000	0.03631
chr3	159500000	160039680	0.0290858
chr4	2500000	3500000	0.020946
chr4	3500000	4500000	0.043256
chr4	4500000	5500000	0.040194
chr4	5500000	6500000	0.043392
chr4	6500000	7500000	0.040633
chr4	7500000	8500000	0.041452
chr4	8500000	9500000	0.051354
chr4	9500000	10500000	0.044591
chr4	10500000	11500000	0.048388
chr4	11500000	12500000	0.046701
chr4	12500000	13500000	0.039884
chr4	13500000	14500000	0.040265
chr4	14500000	15500000	0.042225
chr4	15500000	16500000	0.039983
chr4	16500000	17500000	0.033875
chr4	17500000	18500000	0.034541
chr4	18500000	19500000	0.035154
chr4	19500000	20500000	0.040598
chr4	20500000	21500000	0.037868
chr4	21500000	22500000	0.046085
chr4	22500000	23500000	0.036575
chr4	23500000	24500000	0.03691
chr4	24500000	25500000	0.041668
chr4	25500000	26500000	0.036723
chr4	26500000	27500000	0.033335
chr4	27500000	28500000	0.033274
chr4	28500000	29500000	0.037085
chr4	29500000	30500000	0.03401
chr4	30500000	31500000	0.037673
chr4	31500000	32500000	0.049927
chr4	32500000	33500000	0.052384
chr4	33500000	34500000	0.045476
chr4	34500000	35500000	0.048756
chr4	35500000	36500000	0.036818
chr4	36500000	37500000	0.033692
chr4	37500000	38500000	0.033215
chr4	38500000	39500000	0.036148
chr4	39500000	40500000	0.045051
chr4	40500000	41500000	0.054517
chr4	41500000	42500000	0.055595
chr4	42500000	43500000	0.055535
chr4	43500000	44500000	0.056906
chr4	44500000	45500000	0.057108
chr4	45500000	46500000	0.059858
chr4	46500000	47500000	0.060799
chr4	47500000	48500000	0.047269
chr4	48500000	49500000	0.045593
chr4	49500000	50500000	0.038972
chr4	50500000	51500000	0.033896
chr4	51500000	52500000	0.03713
chr4	52500000	53500000	0.045968
chr4	53500000	54500000	0.04592
chr4	54500000	55500000	0.047802
chr4	55500000	56500000	0.046159
chr4	56500000	57500000	0.054556
chr4	57500000	58500000	0.049387
chr4	58500000	59500000	0.048057
chr4	59500000	60500000	0.044391
chr4	60500000	61500000	0.026883
chr4	61500000	62500000	0.046322
chr4	62500000	63500000	0.060381
chr4	63500000	64500000	0.043542
chr4	64500000	65500000	0.037935
chr4	65500000	66500000	0.041397
chr4	66500000	67500000	0.036256
chr4	67500000	68500000	0.034181
chr4	68500000	69500000	0.035954
chr4	69500000	70500000	0.042897
chr4	70500000	71500000	0.03622
chr4	71500000	72500000	0.038509
chr4	72500000	73500000	0.035699
chr4	73500000	74500000	0.038843
chr4	74500000	75500000	0.035903
chr4	75500000	76500000	0.038904
chr4	76500000	77500000	0.035753
chr4	77500000	78500000	0.034362
chr4	78500000	79500000	0.033948
chr4	79500000	80500000	0.034064
chr4	80500000	81500000	0.040931
chr4	81500000	82500000	0.042588
chr4	82500000	83500000	0.049782
chr4	83500000	84500000	0.048189
chr4	84500000	85500000	0.043934
chr4	85500000	86500000	0.043106
chr4	86500000	87500000	0.047685
chr4	87500000	88500000	0.04468
chr4	88500000	89500000	0.044854
chr4	89500000	90500000	0.037024
chr4	90500000	91500000	0.039987
chr4	91500000	92500000	0.03503
chr4	92500000	93500000	0.034025
chr4	93500000	94500000	0.038577
chr4	94500000	95500000	0.044904
chr4	95500000	96500000	0.04113
chr4	96500000	97500000	0.037118
chr4	97500000	98500000	0.047744
chr4	98500000	99500000	0.05169
chr4	99500000	100500000	0.047423
chr4	100500000	101500000	0.051846
chr4	101500000	102500000	0.04555
chr4	102500000	103500000	0.047975
chr4	103500000	104500000	0.047639
chr4	104500000	105500000	0.051424
chr4	105500000	106500000	0.049527
chr4	106500000	107500000	0.062968
chr4	107500000	108500000	0.058711
chr4	108500000	109500000	0.047951
chr4	109500000	110500000	0.043137
chr4	110500000	111500000	0.038507
chr4	111500000	112500000	0.03838
chr4	112500000	113500000	0.034278
chr4	113500000	114500000	0.037251
chr4	114500000	115500000	0.049531
chr4	115500000	116500000	0.049943
chr4	116500000	117500000	0.056293
chr4	117500000	118500000	0.062994
chr4	118500000	119500000	0.055155
chr4	119500000	120500000	0.056334
chr4	120500000	121500000	0.050372
chr4	121500000	122500000	0.036338
chr4	122500000	123500000	0.05058
chr4	123500000	124500000	0.055462
chr4	124500000	125500000	0.06386
chr4	125500000	126500000	0.060805
chr4	126500000	127500000	0.055982
chr4	127500000	128500000	0.056429
chr4	128500000	129500000	0.062456
chr4	129500000	130500000	0.05571
chr4	130500000	131500000	0.056872
chr4	131500000	132500000	0.059125
chr4	132500000	133500000	0.06225
chr4	133500000	134500000	0.063726
chr4	134500000	135500000	0.066289
chr4	135500000	136500000	0.062103
chr4	136500000	137500000	0.063776
chr4	137500000	138500000	0.066011
chr4	138500000	139500000	0.064979
chr4	139500000	140500000	0.066263
chr4	140500000	141500000	0.070624
chr4	141500000	142500000	0.063393
chr4	142500000	143500000	0.054212
chr4	143500000	144500000	0.043084
chr4	144500000	145500000	0.047515
chr4	145500000	146500000	0.030039
chr4	146500000	147500000	0.036465
chr4	147500000	148500000	0.057284
chr4	148500000	149500000	0.064984
chr4	149500000	150500000	0.064228
chr4	150500000	151500000	0.064146
chr4	151500000	152500000	0.070223
chr4	152500000	153500000	0.062859
chr4	153500000	154500000	0.067077
chr4	154500000	155500000	0.068498
chr4	155500000	156500000	0.050422
chr5	2500000	3500000	0.023848
chr5	3500000	4500000	0.045868
chr5	4500000	5500000	0.044774
chr5	5500000	6500000	0.040541
chr5	6500000	7500000	0.035404
chr5	7500000	8500000	0.041615
chr5	8500000	9500000	0.04352
chr5	9500000	10500000	0.03655
chr5	10500000	11500000	0.036248
chr5	11500000	12500000	0.03628
chr5	12500000	13500000	0.03541
chr5	13500000	14500000	0.037909
chr5	14500000	15500000	0.023907
chr5	15500000	16500000	0.040031
chr5	16500000	17500000	0.037182
chr5	17500000	18500000	0.039259
chr5	18500000	19500000	0.03671
chr5	19500000	20500000	0.040053
chr5	20500000	21500000	0.047957
chr5	21500000	22500000	0.049852
chr5	22500000	23500000	0.043033
chr5	23500000	24500000	0.056447
chr5	24500000	25500000	0.056635
chr5	25500000	26500000	0.049502
chr5	26500000	27500000	0.046357
chr5	27500000	28500000	0.05172
chr5	28500000	29500000	0.046966
chr5	29500000	30500000	0.048523
chr5	30500000	31500000	0.058154
chr5	31500000	32500000	0.051581
chr5	32500000	33500000	0.053532
chr5	33500000	34500000	0.055343
chr5	34500000	35500000	0.059385
chr5	35500000	36500000	0.065329
chr5	36500000	37500000	0.059685
chr5	37500000	38500000	0.05681
chr5	38500000	39500000	0.045867
chr5	39500000	40500000	0.037504
chr5	40500000	41500000	0.03765
chr5	41500000	42500000	0.041375
chr5	42500000	43500000	0.041807
chr5	43500000	44500000	0.048306
chr5	44500000	45500000	0.04352
chr5	45500000	46500000	0.040194
chr5	46500000	47500000	0.034984
chr5	47500000	48500000	0.03776
chr5	48500000	49500000	0.037036
chr5	49500000	50500000	0.041257
chr5	50500000	51500000	0.03719
chr5	51500000	52500000	0.048766
chr5	52500000	53500000	0.055534
chr5	53500000	54500000	0.046315
chr5	54500000	55500000	0.034783
chr5	55500000	56500000	0.033612
chr5	56500000	57500000	0.032571
chr5	57500000	58500000	0.036893
chr5	58500000	59500000	0.03487
chr5	59500000	60500000	0.033033
chr5	60500000	61500000	0.034331
chr5	61500000	62500000	0.033962
chr5	62500000	63500000	0.037135
chr5	63500000	64500000	0.050795
chr5	64500000	65500000	0.053412
chr5	65500000	66500000	0.052655
chr5	66500000	67500000	0.053498
chr5	67500000	68500000	0.043749
chr5	68500000	69500000	0.035387
chr5	69500000	70500000	0.03562
chr5	70500000	71500000	0.035668
chr5	71500000	72500000	0.041581
chr5	72500000	73500000	0.053141
chr5	73500000	74500000	0.052728
chr5	74500000	75500000	0.05234
chr5	75500000	76500000	0.050123
chr5	76500000	77500000	0.05539
chr5	77500000	78500000	0.041375
chr5	78500000	79500000	0.033128
chr5	79500000	80500000	0.03338
chr5	80500000	81500000	0.03616
chr5	81500000	82500000	0.036189
chr5	82500000	83500000	0.034125
chr5	83500000	84500000	0.034383
chr5	84500000	85500000	0.033559
chr5	85500000	86500000	0.038528
chr5	86500000	87500000	0.036452
chr5	87500000	88500000	0.035225
chr5	88500000	89500000	0.046588
chr5	89500000	90500000	0.043601
chr5	90500000	91500000	0.044716
chr5	91500000	92500000	0.051359
chr5	92500000	93500000	0.051869
chr5	93500000	94500000	0.037637
chr5	94500000	95500000	0.039622
chr5	95500000	96500000	0.043377
chr5	96500000	97500000	0.047506
chr5	97500000	98500000	0.043597
chr5	98500000	99500000	0.046253
chr5	99500000	100500000	0.054876
chr5	100500000	101500000	0.051369
chr5	101500000	102500000	0.053155
chr5	102500000	103500000	0.047823
chr5	103500000	104500000	0.052979
chr5	104500000	105500000	0.044208
chr5	105500000	106500000	0.054429
chr5	106500000	107500000	0.050982
chr5	107500000	108500000	0.047833
chr5	108500000	109500000	0.041497
chr5	109500000	110500000	0.049831
chr5	110500000	111500000	0.060383
chr5	111500000	112500000	0.062512
chr5	112500000	113500000	0.063521
chr5	113500000	114500000	0.067833
chr5	114500000	115500000	0.066782
chr5	115500000	116500000	0.062876
chr5	116500000	117500000	0.058194
chr5	117500000	118500000	0.062692
chr5	118500000	119500000	0.057178
chr5	119500000	120500000	0.060116
chr5	120500000	121500000	0.063018
chr5	121500000	122500000	0.065355
chr5	122500000	123500000	0.061508
chr5	123500000	124500000	0.062817
chr5	124500000	125500000	0.063539
chr5	125500000	126500000	0.050464
chr5	126500000	127500000	0.049021
chr5	127500000	128500000	0.053385
chr5	128500000	129500000	0.060751
chr5	129500000	130500000	0.055599
chr5	130500000	131500000	0.049626
chr5	131500000	132500000	0.050576
chr5	132500000	133500000	0.04624
chr5	133500000	134500000	0.055154
chr5	134500000	135500000	0.062872
chr5	135500000	136500000	0.062648
chr5	136500000	137500000	0.057676
chr5	137500000	138500000	0.053347
chr5	138500000	139500000	0.060611
chr5	139500000	140500000	0.06637
chr5	140500000	141500000	0.057671
chr5	141500000	142500000	0.057662
chr5	142500000	143500000	0.064328
chr5	143500000	144500000	0.056793
chr5	144500000	145500000	0.057755
chr5	145500000	146500000	0.046555
chr5	146500000	147500000	0.059967
chr5	147500000	148500000	0.05732
chr5	148500000	149500000	0.058219
chr5	149500000	150500000	0.054243
chr5	150500000	151500000	0.048292
chr5	151500000	151834684	0.0287943
chr6	2500000	3500000	0.019846
chr6	3500000	4500000	0.040684
chr6	4500000	5500000	0.047357
chr6	5500000	6500000	0.047172
chr6	6500000	7500000	0.042693
chr6	7500000	8500000	0.043798
chr6	8500000	9500000	0.041398
chr6	9500000	10500000	0.034171
chr6	10500000	11500000	0.035596
chr6	11500000	12500000	0.038597
chr6	12500000	13500000	0.038641
chr6	13500000	14500000	0.038026
chr6	14500000	15500000	0.037093
chr6	15500000	16500000	0.03799
chr6	16500000	17500000	0.041079
chr6	17500000	18500000	0.04371
chr6	18500000	19500000	0.037702
chr6	19500000	20500000	0.033654
chr6	20500000	21500000	0.034846
chr6	21500000	22500000	0.04381
chr6	22500000	23500000	0.042398
chr6	23500000	24500000	0.040555
chr6	24500000	25500000	0.038816
chr6	25500000	26500000	0.035751
chr6	26500000	27500000	0.034506
chr6	27500000	28500000	0.042743
chr6	28500000	29500000	0.056919
chr6	29500000	30500000	0.054147
chr6	30500000	31500000	0.048954
chr6	31500000	32500000	0.051845
chr6	32500000	33500000	0.046564
chr6	33500000	34500000	0.049053
chr6	34500000	35500000	0.050635
chr6	35500000	36500000	0.039646
chr6	36500000	37500000	0.045819
chr6	37500000	38500000	0.049809
chr6	38500000	39500000	0.053825
chr6	39500000	40500000	0.048686
chr6	40500000	41500000	0.038078
chr6	41500000	42500000	0.041996
chr6	42500000	43500000	0.039582
chr6	43500000	44500000	0.03733
chr6	44500000	45500000	0.03395
chr6	45500000	46500000	0.035237
chr6	46500000	47500000	0.041438
chr6	47500000	48500000	0.051468
chr6	48500000	49500000	0.052106
chr6	49500000	50500000	0.050213
chr6	50500000	51500000	0.052719
chr6	51500000	52500000	0.054922
chr6	52500000	53500000	0.05057
chr6	53500000	54500000	0.053419
chr6	54500000	55500000	0.05722
chr6	55500000	56500000	0.043014
chr6	56500000	57500000	0.040574
chr6	57500000	58500000	0.038045
chr6	58500000	59500000	0.040666
chr6	59500000	60500000	0.035229
chr6	60500000	61500000	0.038919
chr6	61500000	62500000	0.034686
chr6	62500000	63500000	0.034652
chr6	63500000	64500000	0.036393
chr6	64500000	65500000	0.043229
chr6	65500000	66500000	0.040195
chr6	66500000	67500000	0.043944
chr6	67500000	68500000	0.037937
chr6	68500000	69500000	0.03528
chr6	69500000	70500000	0.036062
chr6	70500000	71500000	0.049142
chr6	71500000	72500000	0.054465
chr6	72500000	73500000	0.055266
chr6	73500000	74500000	0.036003
chr6	74500000	75500000	0.032918
chr6	75500000	76500000	0.033889
chr6	76500000	77500000	0.038418
chr6	77500000	78500000	0.038796
chr6	78500000	79500000	0.035929
chr6	79500000	80500000	0.035712
chr6	80500000	81500000	0.03771
chr6	81500000	82500000	0.047615
chr6	82500000	83500000	0.058904
chr6	83500000	84500000	0.054591
chr6	84500000	85500000	0.052611
chr6	85500000	86500000	0.053805
chr6	86500000	87500000	0.056372
chr6	87500000	88500000	0.05897
chr6	88500000	89500000	0.060605
chr6	89500000	90500000	0.047472
chr6	90500000	91500000	0.060993
chr6	91500000	92500000	0.056254
chr6	92500000	93500000	0.046138
chr6	93500000	94500000	0.049216
chr6	94500000	95500000	0.049143
chr6	95500000	96500000	0.044429
chr6	96500000	97500000	0.046814
chr6	97500000	98500000	0.046193
chr6	98500000	99500000	0.050693
chr6	99500000	100500000	0.057774
chr6	100500000	101500000	0.05293
chr6	101500000	102500000	0.038523
chr6	102500000	103500000	0.037527
chr6	103500000	104500000	0.036936
chr6	104500000	105500000	0.035316
chr6	105500000	106500000	0.036324
chr6	106500000	107500000	0.039919
chr6	107500000	108500000	0.046178
chr6	108500000	109500000	0.044388
chr6	109500000	110500000	0.035132
chr6	110500000	111500000	0.035946
chr6	111500000	112500000	0.045156
chr6	112500000	113500000	0.055624
chr6	113500000	114500000	0.060916
chr6	114500000	115500000	0.05847
chr6	115500000	116500000	0.055447
chr6	116500000	117500000	0.049339
chr6	117500000	118500000	0.054511
chr6	118500000	119500000	0.057476
chr6	119500000	120500000	0.05022
chr6	120500000	121500000	0.05877
chr6	121500000	122500000	0.043076
chr6	122500000	123500000	0.045014
chr6	123500000	124500000	0.039891
chr6	124500000	125500000	0.062503
chr6	125500000	126500000	0.050451
chr6	126500000	127500000	0.055746
chr6	127500000	128500000	0.060311
chr6	128500000	129500000	0.043784
chr6	129500000	130500000	0.035706
chr6	130500000	131500000	0.036602
chr6	131500000	132500000	0.035509
chr6	132500000	133500000	0.034465
chr6	133500000	134500000	0.046163
chr6	134500000	135500000	0.053979
chr6	135500000	136500000	0.050053
chr6	136500000	137500000	0.052017
chr6	137500000	138500000	0.047834
chr6	138500000	139500000	0.03751
chr6	139500000	140500000	0.04557
chr6	140500000	141500000	0.048753
chr6	141500000	142500000	0.040309
chr6	142500000	143500000	0.052952
chr6	143500000	144500000	0.04861
chr6	144500000	145500000	0.054431
chr6	145500000	146500000	0.052267
chr6	146500000	147500000	0.051324
chr6	147500000	148500000	0.046731
chr6	148500000	149500000	0.044573
chr6	149500000	149736546	0.0127967
chr7	2500000	3500000	0.025565
chr7	3500000	4500000	0.045253
chr7	4500000	5500000	0.05265
chr7	5500000	6500000	0.044647
chr7	6500000	7500000	0.045686
chr7	7500000	8500000	0.035593
chr7	8500000	9500000	0.035911
chr7	9500000	10500000	0.03387
chr7	10500000	11500000	0.043184
chr7	11500000	12500000	0.038557
chr7	12500000	13500000	0.045888
chr7	13500000	14500000	0.036777
chr7	14500000	15500000	0.040732
chr7	15500000	16500000	0.055411
chr7	16500000	17500000	0.051877
chr7	17500000	18500000	0.039582
chr7	18500000	19500000	0.060273
chr7	19500000	20500000	0.054123
chr7	20500000	21500000	0.04111
chr7	21500000	22500000	0.03962
chr7	22500000	23500000	0.041187
chr7	23500000	24500000	0.046768
chr7	24500000	25500000	0.0651
chr7	25500000	26500000	0.048174
chr7	26500000	27500000	0.051214
chr7	27500000	28500000	0.059019
chr7	28500000	29500000	0.066118
chr7	29500000	30500000	0.057707
chr7	30500000	31500000	0.057438
chr7	31500000	32500000	0.040716
chr7	32500000	33500000	0.041376
chr7	33500000	34500000	0.048063
chr7	34500000	35500000	0.061956
chr7	35500000	36500000	0.055559
chr7	36500000	37500000	0.054092
chr7	37500000	38500000	0.052734
chr7	38500000	39500000	0.035776
chr7	39500000	40500000	0.044947
chr7	40500000	41500000	0.043843
chr7	41500000	42500000	0.036504
chr7	42500000	43500000	0.044526
chr7	43500000	44500000	0.054542
chr7	44500000	45500000	0.068589
chr7	45500000	46500000	0.066485
chr7	46500000	47500000	0.051789
chr7	47500000	48500000	0.038443
chr7	48500000	49500000	0.053334
chr7	49500000	50500000	0.05105
chr7	50500000	51500000	0.040558
chr7	51500000	52500000	0.040054
chr7	52500000	53500000	0.034933
chr7	53500000	54500000	0.036326
chr7	54500000	55500000	0.036758
chr7	55500000	56500000	0.04452
chr7	56500000	57500000	0.041899
chr7	57500000	58500000	0.040324
chr7	58500000	59500000	0.040253
chr7	59500000	60500000	0.038934
chr7	60500000	61500000	0.034363
chr7	61500000	62500000	0.036368
chr7	62500000	63500000	0.040319
chr7	63500000	64500000	0.052386
chr7	64500000	65500000	0.052635
chr7	65500000	66500000	0.056508
chr7	66500000	67500000	0.051939
chr7	67500000	68500000	0.056187
chr7	68500000	69500000	0.04158
chr7	69500000	70500000	0.043219
chr7	70500000	71500000	0.04283
chr7	71500000	72500000	0.041712
chr7	72500000	73500000	0.049252
chr7	73500000	74500000	0.051245
chr7	74500000	75500000	0.044314
chr7	75500000	76500000	0.045976
chr7	76500000	77500000	0.036773
chr7	77500000	78500000	0.040459
chr7	78500000	79500000	0.056948
chr7	79500000	80500000	0.062897
chr7	80500000	81500000	0.05641
chr7	81500000	82500000	0.052955
chr7	82500000	83500000	0.047176
chr7	83500000	84500000	0.050775
chr7	84500000	85500000	0.037847
chr7	85500000	86500000	0.033391
chr7	86500000	87500000	0.034024
chr7	87500000	88500000	0.03557
chr7	88500000	89500000	0.040319
chr7	89500000	90500000	0.047308
chr7	90500000	91500000	0.036852
chr7	91500000	92500000	0.039489
chr7	92500000	93500000	0.042287
chr7	93500000	94500000	0.033716
chr7	94500000	95500000	0.036098
chr7	95500000	96500000	0.046167
chr7	96500000	97500000	0.0513
chr7	97500000	98500000	0.051829
chr7	98500000	99500000	0.060348
chr7	99500000	100500000	0.054865
chr7	100500000	101500000	0.055409
chr7	101500000	102500000	0.052988
chr7	102500000	103500000	0.038861
chr7	103500000	104500000	0.038859
chr7	104500000	105500000	0.039659
chr7	105500000	106500000	0.040623
chr7	106500000	107500000	0.039794
chr7	107500000	108500000	0.040386
chr7	108500000	109500000	0.046697
chr7	109500000	110500000	0.0513
chr7	110500000	111500000	0.051056
chr7	111500000	112500000	0.053444
chr7	112500000	113500000	0.053554
chr7	113500000	114500000	0.048123
chr7	114500000	115500000	0.04622
chr7	115500000	116500000	0.048738
chr7	116500000	117500000	0.048714
chr7	117500000	118500000	0.052274
chr7	118500000	119500000	0.053934
chr7	119500000	120500000	0.044091
chr7	120500000	121500000	0.052041
chr7	121500000	122500000	0.054943
chr7	122500000	123500000	0.053095
chr7	123500000	124500000	0.045121
chr7	124500000	125500000	0.049012
chr7	125500000	126500000	0.060971
chr7	126500000	127500000	0.062173
chr7	127500000	128500000	0.058526
chr7	128500000	129500000	0.050062
chr7	129500000	130500000	0.052777
chr7	130500000	131500000	0.053595
chr7	131500000	132500000	0.055735
chr7	132500000	133500000	0.056884
chr7	133500000	134500000	0.052527
chr7	134500000	135500000	0.053215
chr7	135500000	136500000	0.054419
chr7	136500000	137500000	0.057591
chr7	137500000	138500000	0.052889
chr7	138500000	139500000	0.058166
chr7	139500000	140500000	0.057669
chr7	140500000	141500000	0.057678
chr7	141500000	142500000	0.057211
chr7	142500000	143500000	0.055886
chr7	143500000	144500000	0.060172
chr7	144500000	145441459	0.0546248
chr8	2500000	3500000	0.024932
chr8	3500000	4500000	0.050744
chr8	4500000	5500000	0.038928
chr8	5500000	6500000	0.034941
chr8	6500000	7500000	0.03502
chr8	7500000	8500000	0.040899
chr8	8500000	9500000	0.050838
chr8	9500000	10500000	0.048041
chr8	10500000	11500000	0.057547
chr8	11500000	12500000	0.061739
chr8	12500000	13500000	0.064906
chr8	13500000	14500000	0.057038
chr8	14500000	15500000	0.054705
chr8	15500000	16500000	0.044087
chr8	16500000	17500000	0.04055
chr8	17500000	18500000	0.041126
chr8	18500000	19500000	0.046869
chr8	19500000	20500000	0.033143
chr8	20500000	21500000	0.037663
chr8	21500000	22500000	0.046367
chr8	22500000	23500000	0.056306
chr8	23500000	24500000	0.049287
chr8	24500000	25500000	0.052107
chr8	25500000	26500000	0.053453
chr8	26500000	27500000	0.054235
chr8	27500000	28500000	0.039097
chr8	28500000	29500000	0.041849
chr8	29500000	30500000	0.036982
chr8	30500000	31500000	0.045707
chr8	31500000	32500000	0.041651
chr8	32500000	33500000	0.041827
chr8	33500000	34500000	0.051043
chr8	34500000	35500000	0.051465
chr8	35500000	36500000	0.051646
chr8	36500000	37500000	0.042586
chr8	37500000	38500000	0.03349
chr8	38500000	39500000	0.036749
chr8	39500000	40500000	0.038495
chr8	40500000	41500000	0.045896
chr8	41500000	42500000	0.037022
chr8	42500000	43500000	0.040233
chr8	43500000	44500000	0.037562
chr8	44500000	45500000	0.046823
chr8	45500000	46500000	0.048998
chr8	46500000	47500000	0.052901
chr8	47500000	48500000	0.055854
chr8	48500000	49500000	0.044231
chr8	49500000	50500000	0.036294
chr8	50500000	51500000	0.034215
chr8	51500000	52500000	0.03386
chr8	52500000	53500000	0.033688
chr8	53500000	54500000	0.037113
chr8	54500000	55500000	0.031815
chr8	55500000	56500000	0.036208
chr8	56500000	57500000	0.041889
chr8	57500000	58500000	0.04248
chr8	58500000	59500000	0.033903
chr8	59500000	60500000	0.036076
chr8	60500000	61500000	0.047338
chr8	61500000	62500000	0.041341
chr8	62500000	63500000	0.034477
chr8	63500000	64500000	0.036879
chr8	64500000	65500000	0.045467
chr8	65500000	66500000	0.037504
chr8	66500000	67500000	0.040268
chr8	67500000	68500000	0.043166
chr8	68500000	69500000	0.044177
chr8	69500000	70500000	0.062356
chr8	70500000	71500000	0.062612
chr8	71500000	72500000	0.058463
chr8	72500000	73500000	0.043814
chr8	73500000	74500000	0.036718
chr8	74500000	75500000	0.046268
chr8	75500000	76500000	0.037113
chr8	76500000	77500000	0.046459
chr8	77500000	78500000	0.048663
chr8	78500000	79500000	0.052844
chr8	79500000	80500000	0.043828
chr8	80500000	81500000	0.04511
chr8	81500000	82500000	0.038613
chr8	82500000	83500000	0.046673
chr8	83500000	84500000	0.06298
chr8	84500000	85500000	0.059509
chr8	85500000	86500000	0.044857
chr8	86500000	87500000	0.053393
chr8	87500000	88500000	0.060433
chr8	88500000	89500000	0.055749
chr8	89500000	90500000	0.046754
chr8	90500000	91500000	0.05141
chr8	91500000	92500000	0.058067
chr8	92500000	93500000	0.047771
chr8	93500000	94500000	0.055201
chr8	94500000	95500000	0.061741
chr8	95500000	96500000	0.048739
chr8	96500000	97500000	0.036902
chr8	97500000	98500000	0.034997
chr8	98500000	99500000	0.035269
chr8	99500000	100500000	0.035304
chr8	100500000	101500000	0.034715
chr8	101500000	102500000	0.035136
chr8	102500000	103500000	0.040687
chr8	103500000	104500000	0.052063
chr8	104500000	105500000	0.053231
chr8	105500000	106500000	0.05859
chr8	106500000	107500000	0.056117
chr8	107500000	108500000	0.051075
chr8	108500000	109500000	0.053851
chr8	109500000	110500000	0.055345
chr8	110500000	111500000	0.057515
chr8	111500000	112500000	0.054431
chr8	112500000	113500000	0.04287
chr8	113500000	114500000	0.050073
chr8	114500000	115500000	0.055845
chr8	115500000	116500000	0.048636
chr8	116500000	117500000	0.059573
chr8	117500000	118500000	0.055808
chr8	118500000	119500000	0.057339
chr8	119500000	120500000	0.0709
chr8	120500000	121500000	0.069521
chr8	121500000	122500000	0.073365
chr8	122500000	123500000	0.068275
chr8	123500000	124500000	0.068421
chr8	124500000	125500000	0.063172
chr8	125500000	126500000	0.058543
chr8	126500000	127500000	0.053525
chr8	127500000	128500000	0.04496
chr8	128500000	129401213	0.0354123
chr9	2500000	3500000	0.021061
chr9	3500000	4500000	0.037421
chr9	4500000	5500000	0.035129
chr9	5500000	6500000	0.037068
chr9	6500000	7500000	0.041151
chr9	7500000	8500000	0.044952
chr9	8500000	9500000	0.040963
chr9	9500000	10500000	0.03819
chr9	10500000	11500000	0.035631
chr9	11500000	12500000	0.03691
chr9	12500000	13500000	0.035076
chr9	13500000	14500000	0.048905
chr9	14500000	15500000	0.053108
chr9	15500000	16500000	0.046657
chr9	16500000	17500000	0.037361
chr9	17500000	18500000	0.036738
chr9	18500000	19500000	0.034832
chr9	19500000	20500000	0.037636
chr9	20500000	21500000	0.063608
chr9	21500000	22500000	0.061278
chr9	22500000	23500000	0.047951
chr9	23500000	24500000	0.041006
chr9	24500000	25500000	0.04522
chr9	25500000	26500000	0.03971
chr9	26500000	27500000	0.050029
chr9	27500000	28500000	0.045327
chr9	28500000	29500000	0.044589
chr9	29500000	30500000	0.048105
chr9	30500000	31500000	0.051515
chr9	31500000	32500000	0.04972
chr9	32500000	33500000	0.045216
chr9	33500000	34500000	0.0403
chr9	34500000	35500000	0.05326
chr9	35500000	36500000	0.038333
chr9	36500000	37500000	0.048997
chr9	37500000	38500000	0.037707
chr9	38500000	39500000	0.034285
chr9	39500000	40500000	0.041882
chr9	40500000	41500000	0.052663
chr9	41500000	42500000	0.051892
chr9	42500000	43500000	0.058483
chr9	43500000	44500000	0.061891
chr9	44500000	45500000	0.058576
chr9	45500000	46500000	0.059518
chr9	46500000	47500000	0.051536
chr9	47500000	48500000	0.052166
chr9	48500000	49500000	0.054121
chr9	49500000	50500000	0.049295
chr9	50500000	51500000	0.049937
chr9	51500000	52500000	0.045396
chr9	52500000	53500000	0.043652
chr9	53500000	54500000	0.047047
chr9	54500000	55500000	0.053447
chr9	55500000	56500000	0.045103
chr9	56500000	57500000	0.059705
chr9	57500000	58500000	0.061212
chr9	58500000	59500000	0.04986
chr9	59500000	60500000	0.051578
chr9	60500000	61500000	0.058451
chr9	61500000	62500000	0.058068
chr9	62500000	63500000	0.055613
chr9	63500000	64500000	0.059993
chr9	64500000	65500000	0.056875
chr9	65500000	66500000	0.050791
chr9	66500000	67500000	0.053715
chr9	67500000	68500000	0.049712
chr9	68500000	69500000	0.051841
chr9	69500000	70500000	0.052184
chr9	70500000	71500000	0.049967
chr9	71500000	72500000	0.049062
chr9	72500000	73500000	0.050968
chr9	73500000	74500000	0.043107
chr9	74500000	75500000	0.051178
chr9	75500000	76500000	0.041448
chr9	76500000	77500000	0.04092
chr9	77500000	78500000	0.053735
chr9	78500000	79500000	0.041983
chr9	79500000	80500000	0.044928
chr9	80500000	81500000	0.036271
chr9	81500000	82500000	0.036355
chr9	82500000	83500000	0.042935
chr9	83500000	84500000	0.045673
chr9	84500000	85500000	0.037412
chr9	85500000	86500000	0.044189
chr9	86500000	87500000	0.047399
chr9	87500000	88500000	0.044722
chr9	88500000	89500000	0.043721
chr9	89500000	90500000	0.04879
chr9	90500000	91500000	0.038549
chr9	91500000	92500000	0.037001
chr9	92500000	93500000	0.039456
chr9	93500000	94500000	0.038401
chr9	94500000	95500000	0.046821
chr9	95500000	96500000	0.050379
chr9	96500000	97500000	0.053676
chr9	97500000	98500000	0.050744
chr9	98500000	99500000	0.055709
chr9	99500000	100500000	0.048889
chr9	100500000	101500000	0.044495
chr9	101500000	102500000	0.050896
chr9	102500000	103500000	0.057728
chr9	103500000	104500000	0.051998
chr9	104500000	105500000	0.047121
chr9	105500000	106500000	0.059152
chr9	106500000	107500000	0.052773
chr9	107500000	108500000	0.063786
chr9	108500000	109500000	0.0527
chr9	109500000	110500000	0.051756
chr9	110500000	111500000	0.057645
chr9	111500000	112500000	0.046076
chr9	112500000	113500000	0.044234
chr9	113500000	114500000	0.05233
chr9	114500000	115500000	0.059736
chr9	115500000	116500000	0.05258
chr9	116500000	117500000	0.048582
chr9	117500000	118500000	0.052331
chr9	118500000	119500000	0.062415
chr9	119500000	120500000	0.061491
chr9	120500000	121500000	0.062302
chr9	121500000	122500000	0.059703
chr9	122500000	123500000	0.052717
chr9	123500000	124500000	0.03597
chr10	2500000	3500000	0.018001
chr10	3500000	4500000	0.052094
chr10	4500000	5500000	0.045615
chr10	5500000	6500000	0.041715
chr10	6500000	7500000	0.045018
chr10	7500000	8500000	0.046541
chr10	8500000	9500000	0.048333
chr10	9500000	10500000	0.043292
chr10	10500000	11500000	0.042291
chr10	11500000	12500000	0.04087
chr10	12500000	13500000	0.048869
chr10	13500000	14500000	0.046476
chr10	14500000	15500000	0.037395
chr10	15500000	16500000	0.033837
chr10	16500000	17500000	0.037029
chr10	17500000	18500000	0.048139
chr10	18500000	19500000	0.04594
chr10	19500000	20500000	0.050493
chr10	20500000	21500000	0.04846
chr10	21500000	22500000	0.048898
chr10	22500000	23500000	0.046093
chr10	23500000	24500000	0.045171
chr10	24500000	25500000	0.049492
chr10	25500000	26500000	0.044971
chr10	26500000	27500000	0.04032
chr10	27500000	28500000	0.039449
chr10	28500000	29500000	0.038631
chr10	29500000	30500000	0.037788
chr10	30500000	31500000	0.041889
chr10	31500000	32500000	0.036407
chr10	32500000	33500000	0.034613
chr10	33500000	34500000	0.041291
chr10	34500000	35500000	0.035681
chr10	35500000	36500000	0.034625
chr10	36500000	37500000	0.04196
chr10	37500000	38500000	0.03592
chr10	38500000	39500000	0.045147
chr10	39500000	40500000	0.051882
chr10	40500000	41500000	0.052478
chr10	41500000	42500000	0.055821
chr10	42500000	43500000	0.054885
chr10	43500000	44500000	0.052581
chr10	44500000	45500000	0.046241
chr10	45500000	46500000	0.040025
chr10	46500000	47500000	0.034837
chr10	47500000	48500000	0.033195
chr10	48500000	49500000	0.033406
chr10	49500000	50500000	0.035909
chr10	50500000	51500000	0.037014
chr10	51500000	52500000	0.042684
chr10	52500000	53500000	0.041043
chr10	53500000	54500000	0.042333
chr10	54500000	55500000	0.034988
chr10	55500000	56500000	0.039599
chr10	56500000	57500000	0.038531
chr10	57500000	58500000	0.02836
chr10	58500000	59500000	0.051616
chr10	59500000	60500000	0.061085
chr10	60500000	61500000	0.063182
chr10	61500000	62500000	0.06147
chr10	62500000	63500000	0.054121
chr10	63500000	64500000	0.042469
chr10	64500000	65500000	0.035628
chr10	65500000	66500000	0.037529
chr10	66500000	67500000	0.050309
chr10	67500000	68500000	0.051499
chr10	68500000	69500000	0.048283
chr10	69500000	70500000	0.053873
chr10	70500000	71500000	0.052468
chr10	71500000	72500000	0.040049
chr10	72500000	73500000	0.039248
chr10	73500000	74500000	0.037848
chr10	74500000	75500000	0.051612
chr10	75500000	76500000	0.060065
chr10	76500000	77500000	0.059421
chr10	77500000	78500000	0.064221
chr10	78500000	79500000	0.040111
chr10	79500000	80500000	0.07522
chr10	80500000	81500000	0.076092
chr10	81500000	82500000	0.047761
chr10	82500000	83500000	0.055689
chr10	83500000	84500000	0.052674
chr10	84500000	85500000	0.054206
chr10	85500000	86500000	0.052535
chr10	86500000	87500000	0.048871
chr10	87500000	88500000	0.04605
chr10	88500000	89500000	0.046891
chr10	89500000	90500000	0.043653
chr10	90500000	91500000	0.049226
chr10	91500000	92500000	0.043004
chr10	92500000	93500000	0.049387
chr10	93500000	94500000	0.053952
chr10	94500000	95500000	0.053228
chr10	95500000	96500000	0.048104
chr10	96500000	97500000	0.042263
chr10	97500000	98500000	0.036655
chr10	98500000	99500000	0.047243
chr10	99500000	100500000	0.043109
chr10	100500000	101500000	0.035452
chr10	101500000	102500000	0.033453
chr10	102500000	103500000	0.036026
chr10	103500000	104500000	0.034494
chr10	104500000	105500000	0.039065
chr10	105500000	106500000	0.040504
chr10	106500000	107500000	0.037457
chr10	107500000	108500000	0.043673
chr10	108500000	109500000	0.039956
chr10	109500000	110500000	0.040066
chr10	110500000	111500000	0.049755
chr10	111500000	112500000	0.045511
chr10	112500000	113500000	0.036413
chr10	113500000	114500000	0.034852
chr10	114500000	115500000	0.045175
chr10	115500000	116500000	0.047154
chr10	116500000	117500000	0.054008
chr10	117500000	118500000	0.054037
chr10	118500000	119500000	0.051601
chr10	119500000	120500000	0.053255
chr10	120500000	121500000	0.055098
chr10	121500000	122500000	0.051718
chr10	122500000	123500000	0.050516
chr10	123500000	124500000	0.038017
chr10	124500000	125500000	0.040108
chr10	125500000	126500000	0.046983
chr10	126500000	127500000	0.058809
chr10	127500000	128500000	0.059766
chr10	128500000	129500000	0.046509
chr10	129500000	130500000	0.03479
chr10	130500000	130694993	0.0203392
chr11	2500000	3500000	0.023039
chr11	3500000	4500000	0.05932
chr11	4500000	5500000	0.05876
chr11	5500000	6500000	0.059771
chr11	6500000	7500000	0.053281
chr11	7500000	8500000	0.044403
chr11	8500000	9500000	0.048924
chr11	9500000	10500000	0.038256
chr11	10500000	11500000	0.037997
chr11	11500000	12500000	0.047276
chr11	12500000	13500000	0.038103
chr11	13500000	14500000	0.035316
chr11	14500000	15500000	0.03408
chr11	15500000	16500000	0.035668
chr11	16500000	17500000	0.043356
chr11	17500000	18500000	0.039726
chr11	18500000	19500000	0.045381
chr11	19500000	20500000	0.054362
chr11	20500000	21500000	0.047833
chr11	21500000	22500000	0.042265
chr11	22500000	23500000	0.048908
chr11	23500000	24500000	0.048444
chr11	24500000	25500000	0.040303
chr11	25500000	26500000	0.04028
chr11	26500000	27500000	0.037213
chr11	27500000	28500000	0.036061
chr11	28500000	29500000	0.039074
chr11	29500000	30500000	0.044345
chr11	30500000	31500000	0.040887
chr11	31500000	32500000	0.054896
chr11	32500000	33500000	0.054273
chr11	33500000	34500000	0.053521
chr11	34500000	35500000	0.044468
chr11	35500000	36500000	0.055479
chr11	36500000	37500000	0.041012
chr11	37500000	38500000	0.036692
chr11	38500000	39500000	0.03335
chr11	39500000	40500000	0.036792
chr11	40500000	41500000	0.039984
chr11	41500000	42500000	0.035289
chr11	42500000	43500000	0.042426
chr11	43500000	44500000	0.049889
chr11	44500000	45500000	0.047051
chr11	45500000	46500000	0.052568
chr11	46500000	47500000	0.042854
chr11	47500000	48500000	0.039502
chr11	48500000	49500000	0.045685
chr11	49500000	50500000	0.055426
chr11	50500000	51500000	0.054862
chr11	51500000	52500000	0.058754
chr11	52500000	53500000	0.055811
chr11	53500000	54500000	0.054893
chr11	54500000	55500000	0.054248
chr11	55500000	56500000	0.046015
chr11	56500000	57500000	0.046853
chr11	57500000	58500000	0.057774
chr11	58500000	59500000	0.058037
chr11	59500000	60500000	0.061452
chr11	60500000	61500000	0.060128
chr11	61500000	62500000	0.052305
chr11	62500000	63500000	0.052804
chr11	63500000	64500000	0.051367
chr11	64500000	65500000	0.049535
chr11	65500000	66500000	0.045669
chr11	66500000	67500000	0.050366
chr11	67500000	68500000	0.056659
chr11	68500000	69500000	0.060404
chr11	69500000	70500000	0.060963
chr11	70500000	71500000	0.051848
chr11	71500000	72500000	0.056123
chr11	72500000	73500000	0.051573
chr11	73500000	74500000	0.040351
chr11	74500000	75500000	0.058701
chr11	75500000	76500000	0.061907
chr11	76500000	77500000	0.052462
chr11	77500000	78500000	0.059954
chr11	78500000	79500000	0.055599
chr11	79500000	80500000	0.056718
chr11	80500000	81500000	0.052517
chr11	81500000	82500000	0.053174
chr11	82500000	83500000	0.053957
chr11	83500000	84500000	0.051316
chr11	84500000	85500000	0.052888
chr11	85500000	86500000	0.051842
chr11	86500000	87500000	0.051674
chr11	87500000	88500000	0.059627
chr11	88500000	89500000	0.056828
chr11	89500000	90500000	0.049098
chr11	90500000	91500000	0.042203
chr11	91500000	92500000	0.03542
chr11	92500000	93500000	0.039245
chr11	93500000	94500000	0.053744
chr11	94500000	95500000	0.060542
chr11	95500000	96500000	0.060249
chr11	96500000	97500000	0.060752
chr11	97500000	98500000	0.063174
chr11	98500000	99500000	0.059662
chr11	99500000	100500000	0.054258
chr11	100500000	101500000	0.062178
chr11	101500000	102500000	0.062848
chr11	102500000	103500000	0.061809
chr11	103500000	104500000	0.056952
chr11	104500000	105500000	0.048786
chr11	105500000	106500000	0.050921
chr11	106500000	107500000	0.05748
chr11	107500000	108500000	0.056102
chr11	108500000	109500000	0.052821
chr11	109500000	110500000	0.04975
chr11	110500000	111500000	0.041467
chr11	111500000	112500000	0.042381
chr11	112500000	113500000	0.056792
chr11	113500000	114500000	0.062235
chr11	114500000	115500000	0.064123
chr11	115500000	116500000	0.069825
chr11	116500000	117500000	0.068468
chr11	117500000	118500000	0.067524
chr11	118500000	119500000	0.069294
chr11	119500000	120500000	0.069718
chr11	120500000	121500000	0.063711
chr11	121500000	122082543	0.0409789
chr12	2500000	3500000	0.02401
chr12	3500000	4500000	0.05486
chr12	4500000	5500000	0.05292
chr12	5500000	6500000	0.039369
chr12	6500000	7500000	0.037613
chr12	7500000	8500000	0.047539
chr12	8500000	9500000	0.049379
chr12	9500000	10500000	0.038974
chr12	10500000	11500000	0.043059
chr12	11500000	12500000	0.041171
chr12	12500000	13500000	0.050108
chr12	13500000	14500000	0.040465
chr12	14500000	15500000	0.036172
chr12	15500000	16500000	0.043904
chr12	16500000	17500000	0.056167
chr12	17500000	18500000	0.051913
chr12	18500000	19500000	0.051011
chr12	19500000	20500000	0.052137
chr12	20500000	21500000	0.053464
chr12	21500000	22500000	0.050894
chr12	22500000	23500000	0.050695
chr12	23500000	24500000	0.050858
chr12	24500000	25500000	0.055304
chr12	25500000	26500000	0.047097
chr12	26500000	27500000	0.045884
chr12	27500000	28500000	0.043582
chr12	28500000	29500000	0.054935
chr12	29500000	30500000	0.049823
chr12	30500000	31500000	0.046778
chr12	31500000	32500000	0.045914
chr12	32500000	33500000	0.051024
chr12	33500000	34500000	0.040444
chr12	34500000	35500000	0.042288
chr12	35500000	36500000	0.044071
chr12	36500000	37500000	0.036217
chr12	37500000	38500000	0.034698
chr12	38500000	39500000	0.036721
chr12	39500000	40500000	0.043271
chr12	40500000	41500000	0.043945
chr12	41500000	42500000	0.036936
chr12	42500000	43500000	0.0339
chr12	43500000	44500000	0.04029
chr12	44500000	45500000	0.040969
chr12	45500000	46500000	0.036567
chr12	46500000	47500000	0.035575
chr12	47500000	48500000	0.03375
chr12	48500000	49500000	0.035921
chr12	49500000	50500000	0.036043
chr12	50500000	51500000	0.043226
chr12	51500000	52500000	0.048279
chr12	52500000	53500000	0.045246
chr12	53500000	54500000	0.049502
chr12	54500000	55500000	0.053178
chr12	55500000	56500000	0.04496
chr12	56500000	57500000	0.044488
chr12	57500000	58500000	0.040559
chr12	58500000	59500000	0.044505
chr12	59500000	60500000	0.036523
chr12	60500000	61500000	0.033751
chr12	61500000	62500000	0.034021
chr12	62500000	63500000	0.033882
chr12	63500000	64500000	0.034021
chr12	64500000	65500000	0.041814
chr12	65500000	66500000	0.036656
chr12	66500000	67500000	0.035365
chr12	67500000	68500000	0.035895
chr12	68500000	69500000	0.047006
chr12	69500000	70500000	0.052844
chr12	70500000	71500000	0.052665
chr12	71500000	72500000	0.051195
chr12	72500000	73500000	0.049636
chr12	73500000	74500000	0.049361
chr12	74500000	75500000	0.042172
chr12	75500000	76500000	0.054633
chr12	76500000	77500000	0.052206
chr12	77500000	78500000	0.043625
chr12	78500000	79500000	0.046632
chr12	79500000	80500000	0.054154
chr12	80500000	81500000	0.051859
chr12	81500000	82500000	0.053948
chr12	82500000	83500000	0.052249
chr12	83500000	84500000	0.055581
chr12	84500000	85500000	0.058157
chr12	85500000	86500000	0.058041
chr12	86500000	87500000	0.057567
chr12	87500000	88500000	0.042195
chr12	88500000	89500000	0.041085
chr12	89500000	90500000	0.038914
chr12	90500000	91500000	0.042479
chr12	91500000	92500000	0.045228
chr12	92500000	93500000	0.035011
chr12	93500000	94500000	0.034795
chr12	94500000	95500000	0.03519
chr12	95500000	96500000	0.036302
chr12	96500000	97500000	0.034826
chr12	97500000	98500000	0.044017
chr12	98500000	99500000	0.052966
chr12	99500000	100500000	0.056618
chr12	100500000	101500000	0.047602
chr12	101500000	102500000	0.050246
chr12	102500000	103500000	0.057579
chr12	103500000	104500000	0.05151
chr12	104500000	105500000	0.061
chr12	105500000	106500000	0.05929
chr12	106500000	107500000	0.05321
chr12	107500000	108500000	0.062579
chr12	108500000	109500000	0.056613
chr12	109500000	110500000	0.057517
chr12	110500000	111500000	0.065211
chr12	111500000	112500000	0.066024
chr12	112500000	113500000	0.067448
chr12	113500000	114500000	0.036594
chr12	114500000	115500000	0.036007
chr12	115500000	116500000	0.041764
chr12	116500000	117500000	0.051898
chr12	117500000	118500000	0.046571
chr12	118500000	119500000	0.040511
chr12	119500000	120129022	0.0304886
chr13	2500000	3500000	0.023611
chr13	3500000	4500000	0.043059
chr13	4500000	5500000	0.037599
chr13	5500000	6500000	0.040337
chr13	6500000	7500000	0.042103
chr13	7500000	8500000	0.038525
chr13	8500000	9500000	0.04741
chr13	9500000	10500000	0.042932
chr13	10500000	11500000	0.038027
chr13	11500000	12500000	0.049197
chr13	12500000	13500000	0.043416
chr13	13500000	14500000	0.043554
chr13	14500000	15500000	0.039868
chr13	15500000	16500000	0.040981
chr13	16500000	17500000	0.037754
chr13	17500000	18500000	0.04282
chr13	18500000	19500000	0.042957
chr13	19500000	20500000	0.044956
chr13	20500000	21500000	0.045833
chr13	21500000	22500000	0.045329
chr13	22500000	23500000	0.042179
chr13	23500000	24500000	0.050616
chr13	24500000	25500000	0.051151
chr13	25500000	26500000	0.037384
chr13	26500000	27500000	0.03548
chr13	27500000	28500000	0.036415
chr13	28500000	29500000	0.048894
chr13	29500000	30500000	0.049001
chr13	30500000	31500000	0.048178
chr13	31500000	32500000	0.047437
chr13	32500000	33500000	0.042362
chr13	33500000	34500000	0.046953
chr13	34500000	35500000	0.046431
chr13	35500000	36500000	0.048271
chr13	36500000	37500000	0.046468
chr13	37500000	38500000	0.054333
chr13	38500000	39500000	0.046806
chr13	39500000	40500000	0.041652
chr13	40500000	41500000	0.05193
chr13	41500000	42500000	0.048731
chr13	42500000	43500000	0.052116
chr13	43500000	44500000	0.05364
chr13	44500000	45500000	0.051948
chr13	45500000	46500000	0.051307
chr13	46500000	47500000	0.053923
chr13	47500000	48500000	0.047508
chr13	48500000	49500000	0.059724
chr13	49500000	50500000	0.047007
chr13	50500000	51500000	0.051082
chr13	51500000	52500000	0.058184
chr13	52500000	53500000	0.059308
chr13	53500000	54500000	0.054733
chr13	54500000	55500000	0.06224
chr13	55500000	56500000	0.063822
chr13	56500000	57500000	0.055061
chr13	57500000	58500000	0.05805
chr13	58500000	59500000	0.054851
chr13	59500000	60500000	0.055508
chr13	60500000	61500000	0.042434
chr13	61500000	62500000	0.042349
chr13	62500000	63500000	0.049312
chr13	63500000	64500000	0.050551
chr13	64500000	65500000	0.0405
chr13	65500000	66500000	0.041824
chr13	66500000	67500000	0.041818
chr13	67500000	68500000	0.046636
chr13	68500000	69500000	0.047146
chr13	69500000	70500000	0.052372
chr13	70500000	71500000	0.048133
chr13	71500000	72500000	0.047891
chr13	72500000	73500000	0.052106
chr13	73500000	74500000	0.052006
chr13	74500000	75500000	0.039296
chr13	75500000	76500000	0.042755
chr13	76500000	77500000	0.037948
chr13	77500000	78500000	0.040192
chr13	78500000	79500000	0.035086
chr13	79500000	80500000	0.034428
chr13	80500000	81500000	0.041616
chr13	81500000	82500000	0.040359
chr13	82500000	83500000	0.035208
chr13	83500000	84500000	0.039736
chr13	84500000	85500000	0.036227
chr13	85500000	86500000	0.035316
chr13	86500000	87500000	0.034367
chr13	87500000	88500000	0.032849
chr13	88500000	89500000	0.034491
chr13	89500000	90500000	0.038406
chr13	90500000	91500000	0.043657
chr13	91500000	92500000	0.045711
chr13	92500000	93500000	0.048372
chr13	93500000	94500000	0.053048
chr13	94500000	95500000	0.05307
chr13	95500000	96500000	0.050697
chr13	96500000	97500000	0.050022
chr13	97500000	98500000	0.053092
chr13	98500000	99500000	0.053917
chr13	99500000	100500000	0.049134
chr13	100500000	101500000	0.047944
chr13	101500000	102500000	0.04388
chr13	102500000	103500000	0.049802
chr13	103500000	104500000	0.045239
chr13	104500000	105500000	0.044387
chr13	105500000	106500000	0.036155
chr13	106500000	107500000	0.046426
chr13	107500000	108500000	0.051862
chr13	108500000	109500000	0.041458
chr13	109500000	110500000	0.046312
chr13	110500000	111500000	0.043095
chr13	111500000	112500000	0.054343
chr13	112500000	113500000	0.051218
chr13	113500000	114500000	0.051374
chr13	114500000	115500000	0.041925
chr13	115500000	116500000	0.037063
chr13	116500000	117500000	0.042835
chr13	117500000	118500000	0.036638
chr13	118500000	119500000	0.039306
chr13	119500000	120421639	0.0394091
chr14	2500000	3500000	0.0221
chr14	3500000	4500000	0.044172
chr14	4500000	5500000	0.043881
chr14	5500000	6500000	0.044237
chr14	6500000	7500000	0.044527
chr14	7500000	8500000	0.052698
chr14	8500000	9500000	0.041836
chr14	9500000	10500000	0.041544
chr14	10500000	11500000	0.042375
chr14	11500000	12500000	0.050865
chr14	12500000	13500000	0.043006
chr14	13500000	14500000	0.042604
chr14	14500000	15500000	0.042798
chr14	15500000	16500000	0.040954
chr14	16500000	17500000	0.042657
chr14	17500000	18500000	0.045293
chr14	18500000	19500000	0.041068
chr14	19500000	20500000	0.051805
chr14	20500000	21500000	0.049281
chr14	21500000	22500000	0.052665
chr14	22500000	23500000	0.044369
chr14	23500000	24500000	0.052707
chr14	24500000	25500000	0.054504
chr14	25500000	26500000	0.058479
chr14	26500000	27500000	0.049028
chr14	27500000	28500000	0.047257
chr14	28500000	29500000	0.04721
chr14	29500000	30500000	0.053876
chr14	30500000	31500000	0.058446
chr14	31500000	32500000	0.05279
chr14	32500000	33500000	0.055779
chr14	33500000	34500000	0.053152
chr14	34500000	35500000	0.051213
chr14	35500000	36500000	0.038493
chr14	36500000	37500000	0.043685
chr14	37500000	38500000	0.03646
chr14	38500000	39500000	0.036392
chr14	39500000	40500000	0.036259
chr14	40500000	41500000	0.044454
chr14	41500000	42500000	0.036984
chr14	42500000	43500000	0.034895
chr14	43500000	44500000	0.042145
chr14	44500000	45500000	0.044396
chr14	45500000	46500000	0.047799
chr14	46500000	47500000	0.053912
chr14	47500000	48500000	0.052998
chr14	48500000	49500000	0.047459
chr14	49500000	50500000	0.037844
chr14	50500000	51500000	0.044579
chr14	51500000	52500000	0.047243
chr14	52500000	53500000	0.042556
chr14	53500000	54500000	0.048903
chr14	54500000	55500000	0.058483
chr14	55500000	56500000	0.052973
chr14	56500000	57500000	0.050018
chr14	57500000	58500000	0.051171
chr14	58500000	59500000	0.044238
chr14	59500000	60500000	0.052049
chr14	60500000	61500000	0.053771
chr14	61500000	62500000	0.049304
chr14	62500000	63500000	0.053378
chr14	63500000	64500000	0.055111
chr14	64500000	65500000	0.053749
chr14	65500000	66500000	0.053552
chr14	66500000	67500000	0.053068
chr14	67500000	68500000	0.049411
chr14	68500000	69500000	0.047025
chr14	69500000	70500000	0.058691
chr14	70500000	71500000	0.051138
chr14	71500000	72500000	0.044339
chr14	72500000	73500000	0.045836
chr14	73500000	74500000	0.041193
chr14	74500000	75500000	0.049927
chr14	75500000	76500000	0.053784
chr14	76500000	77500000	0.049939
chr14	77500000	78500000	0.049141
chr14	78500000	79500000	0.051823
chr14	79500000	80500000	0.047236
chr14	80500000	81500000	0.035548
chr14	81500000	82500000	0.033453
chr14	82500000	83500000	0.032285
chr14	83500000	84500000	0.033902
chr14	84500000	85500000	0.034538
chr14	85500000	86500000	0.038126
chr14	86500000	87500000	0.043929
chr14	87500000	88500000	0.037482
chr14	88500000	89500000	0.032875
chr14	89500000	90500000	0.032816
chr14	90500000	91500000	0.032827
chr14	91500000	92500000	0.034139
chr14	92500000	93500000	0.03501
chr14	93500000	94500000	0.034135
chr14	94500000	95500000	0.033722
chr14	95500000	96500000	0.033844
chr14	96500000	97500000	0.034453
chr14	97500000	98500000	0.035583
chr14	98500000	99500000	0.045971
chr14	99500000	100500000	0.044497
chr14	100500000	101500000	0.040524
chr14	101500000	102500000	0.043674
chr14	102500000	103500000	0.043576
chr14	103500000	104500000	0.044715
chr14	104500000	105500000	0.045137
chr14	105500000	106500000	0.043932
chr14	106500000	107500000	0.035163
chr14	107500000	108500000	0.033272
chr14	108500000	109500000	0.033091
chr14	109500000	110500000	0.034943
chr14	110500000	111500000	0.033973
chr14	111500000	112500000	0.034697
chr14	112500000	113500000	0.034124
chr14	113500000	114500000	0.03595
chr14	114500000	115500000	0.041154
chr14	115500000	116500000	0.036719
chr14	116500000	117500000	0.041043
chr14	117500000	118500000	0.052032
chr14	118500000	119500000	0.052031
chr14	119500000	120500000	0.048658
chr14	120500000	121500000	0.055272
chr14	121500000	122500000	0.055342
chr14	122500000	123500000	0.042591
chr14	123500000	124500000	0.036463
chr14	124500000	124902244	0.0275952
chr15	2500000	3500000	0.019506
chr15	3500000	4500000	0.039661
chr15	4500000	5500000	0.042893
chr15	5500000	6500000	0.039996
chr15	6500000	7500000	0.050027
chr15	7500000	8500000	0.047571
chr15	8500000	9500000	0.043941
chr15	9500000	10500000	0.040346
chr15	10500000	11500000	0.047938
chr15	11500000	12500000	0.05045
chr15	12500000	13500000	0.049899
chr15	13500000	14500000	0.034814
chr15	14500000	15500000	0.034458
chr15	15500000	16500000	0.033564
chr15	16500000	17500000	0.03362
chr15	17500000	18500000	0.033727
chr15	18500000	19500000	0.035976
chr15	19500000	20500000	0.034095
chr15	20500000	21500000	0.034199
chr15	21500000	22500000	0.034814
chr15	22500000	23500000	0.034693
chr15	23500000	24500000	0.034972
chr15	24500000	25500000	0.041258
chr15	25500000	26500000	0.04939
chr15	26500000	27500000	0.044866
chr15	27500000	28500000	0.054099
chr15	28500000	29500000	0.035894
chr15	29500000	30500000	0.03942
chr15	30500000	31500000	0.050539
chr15	31500000	32500000	0.047133
chr15	32500000	33500000	0.039572
chr15	33500000	34500000	0.044173
chr15	34500000	35500000	0.044135
chr15	35500000	36500000	0.047211
chr15	36500000	37500000	0.056111
chr15	37500000	38500000	0.052842
chr15	38500000	39500000	0.040523
chr15	39500000	40500000	0.044193
chr15	40500000	41500000	0.039432
chr15	41500000	42500000	0.039338
chr15	42500000	43500000	0.038018
chr15	43500000	44500000	0.037474
chr15	44500000	45500000	0.036867
chr15	45500000	46500000	0.03321
chr15	46500000	47500000	0.033716
chr15	47500000	48500000	0.032121
chr15	48500000	49500000	0.034026
chr15	49500000	50500000	0.034052
chr15	50500000	51500000	0.037859
chr15	51500000	52500000	0.044641
chr15	52500000	53500000	0.043801
chr15	53500000	54500000	0.039752
chr15	54500000	55500000	0.04637
chr15	55500000	56500000	0.041786
chr15	56500000	57500000	0.037546
chr15	57500000	58500000	0.053691
chr15	58500000	59500000	0.054362
chr15	59500000	60500000	0.045798
chr15	60500000	61500000	0.040102
chr15	61500000	62500000	0.045375
chr15	62500000	63500000	0.037484
chr15	63500000	64500000	0.049841
chr15	64500000	65500000	0.039579
chr15	65500000	66500000	0.04342
chr15	66500000	67500000	0.047891
chr15	67500000	68500000	0.044016
chr15	68500000	69500000	0.042416
chr15	69500000	70500000	0.034741
chr15	70500000	71500000	0.036809
chr15	71500000	72500000	0.045033
chr15	72500000	73500000	0.056533
chr15	73500000	74500000	0.063381
chr15	74500000	75500000	0.054563
chr15	75500000	76500000	0.069644
chr15	76500000	77500000	0.060663
chr15	77500000	78500000	0.061274
chr15	78500000	79500000	0.070894
chr15	79500000	80500000	0.065849
chr15	80500000	81500000	0.05525
chr15	81500000	82500000	0.061014
chr15	82500000	83500000	0.057629
chr15	83500000	84500000	0.066309
chr15	84500000	85500000	0.060255
chr15	85500000	86500000	0.066713
chr15	86500000	87500000	0.0535
chr15	87500000	88500000	0.05493
chr15	88500000	89500000	0.063105
chr15	89500000	90500000	0.044749
chr15	90500000	91500000	0.04592
chr15	91500000	92500000	0.044829
chr15	92500000	93500000	0.049601
chr15	93500000	94500000	0.049872
chr15	94500000	95500000	0.048848
chr15	95500000	96500000	0.052727
chr15	96500000	97500000	0.056289
chr15	97500000	98500000	0.05855
chr15	98500000	99500000	0.065922
chr15	99500000	100500000	0.061468
chr15	100500000	101500000	0.065152
chr15	101500000	102500000	0.058393
chr15	102500000	103500000	0.053883
chr15	103500000	104043685	0.0307494
chr16	2500000	3500000	0.018903
chr16	3500000	4500000	0.050268
chr16	4500000	5500000	0.060109
chr16	5500000	6500000	0.049073
chr16	6500000	7500000	0.044929
chr16	7500000	8500000	0.044397
chr16	8500000	9500000	0.053369
chr16	9500000	10500000	0.050723
chr16	10500000	11500000	0.059962
chr16	11500000	12500000	0.05032
chr16	12500000	13500000	0.049649
chr16	13500000	14500000	0.052174
chr16	14500000	15500000	0.040163
chr16	15500000	16500000	0.042178
chr16	16500000	17500000	0.050336
chr16	17500000	18500000	0.06313
chr16	18500000	19500000	0.047083
chr16	19500000	20500000	0.045176
chr16	20500000	21500000	0.055754
chr16	21500000	22500000	0.054192
chr16	22500000	23500000	0.052828
chr16	23500000	24500000	0.048751
chr16	24500000	25500000	0.044178
chr16	25500000	26500000	0.040896
chr16	26500000	27500000	0.038405
chr16	27500000	28500000	0.037622
chr16	28500000	29500000	0.047506
chr16	29500000	30500000	0.054575
chr16	30500000	31500000	0.058105
chr16	31500000	32500000	0.051781
chr16	32500000	33500000	0.054714
chr16	33500000	34500000	0.056023
chr16	34500000	35500000	0.056036
chr16	35500000	36500000	0.049802
chr16	36500000	37500000	0.043298
chr16	37500000	38500000	0.051428
chr16	38500000	39500000	0.047362
chr16	39500000	40500000	0.036204
chr16	40500000	41500000	0.03748
chr16	41500000	42500000	0.040416
chr16	42500000	43500000	0.039646
chr16	43500000	44500000	0.049665
chr16	44500000	45500000	0.043351
chr16	45500000	46500000	0.043691
chr16	46500000	47500000	0.037291
chr16	47500000	48500000	0.040077
chr16	48500000	49500000	0.04046
chr16	49500000	50500000	0.045102
chr16	50500000	51500000	0.040613
chr16	51500000	52500000	0.039829
chr16	52500000	53500000	0.035005
chr16	53500000	54500000	0.033665
chr16	54500000	55500000	0.036992
chr16	55500000	56500000	0.045209
chr16	56500000	57500000	0.044809
chr16	57500000	58500000	0.042546
chr16	58500000	59500000	0.039346
chr16	59500000	60500000	0.03876
chr16	60500000	61500000	0.03481
chr16	61500000	62500000	0.034133
chr16	62500000	63500000	0.039925
chr16	63500000	64500000	0.036102
chr16	64500000	65500000	0.039186
chr16	65500000	66500000	0.037899
chr16	66500000	67500000	0.034526
chr16	67500000	68500000	0.033366
chr16	68500000	69500000	0.033002
chr16	69500000	70500000	0.037127
chr16	70500000	71500000	0.037463
chr16	71500000	72500000	0.035641
chr16	72500000	73500000	0.042201
chr16	73500000	74500000	0.03753
chr16	74500000	75500000	0.035811
chr16	75500000	76500000	0.043407
chr16	76500000	77500000	0.040904
chr16	77500000	78500000	0.042203
chr16	78500000	79500000	0.038594
chr16	79500000	80500000	0.034599
chr16	80500000	81500000	0.034471
chr16	81500000	82500000	0.033835
chr16	82500000	83500000	0.035042
chr16	83500000	84500000	0.034903
chr16	84500000	85500000	0.046358
chr16	85500000	86500000	0.038657
chr16	86500000	87500000	0.040867
chr16	87500000	88500000	0.045507
chr16	88500000	89500000	0.039325
chr16	89500000	90500000	0.057832
chr16	90500000	91500000	0.058874
chr16	91500000	92500000	0.060727
chr16	92500000	93500000	0.055278
chr16	93500000	94500000	0.059496
chr16	94500000	95500000	0.053939
chr16	95500000	96500000	0.054995
chr16	96500000	97500000	0.047819
chr16	97500000	98207768	0.0437121
chr17	2500000	3500000	0.025234
chr17	3500000	4500000	0.04286
chr17	4500000	5500000	0.054746
chr17	5500000	6500000	0.059856
chr17	6500000	7500000	0.057179
chr17	7500000	8500000	0.055249
chr17	8500000	9500000	0.051243
chr17	9500000	10500000	0.048664
chr17	10500000	11500000	0.045451
chr17	11500000	12500000	0.054699
chr17	12500000	13500000	0.054066
chr17	13500000	14500000	0.05088
chr17	14500000	15500000	0.052603
chr17	15500000	16500000	0.041032
chr17	16500000	17500000	0.039017
chr17	17500000	18500000	0.037822
chr17	18500000	19500000	0.035355
chr17	19500000	20500000	0.032936
chr17	20500000	21500000	0.03931
chr17	21500000	22500000	0.039024
chr17	22500000	23500000	0.036457
chr17	23500000	24500000	0.061474
chr17	24500000	25500000	0.066877
chr17	25500000	26500000	0.066747
chr17	26500000	27500000	0.066334
chr17	27500000	28500000	0.069922
chr17	28500000	29500000	0.063751
chr17	29500000	30500000	0.060252
chr17	30500000	31500000	0.059764
chr17	31500000	32500000	0.061668
chr17	32500000	33500000	0.044691
chr17	33500000	34500000	0.057876
chr17	34500000	35500000	0.064031
chr17	35500000	36500000	0.057267
chr17	36500000	37500000	0.042966
chr17	37500000	38500000	0.036548
chr17	38500000	39500000	0.034046
chr17	39500000	40500000	0.03451
chr17	40500000	41500000	0.037399
chr17	41500000	42500000	0.036646
chr17	42500000	43500000	0.047935
chr17	43500000	44500000	0.049833
chr17	44500000	45500000	0.051349
chr17	45500000	46500000	0.06477
chr17	46500000	47500000	0.064995
chr17	47500000	48500000	0.059523
chr17	48500000	49500000	0.054261
chr17	49500000	50500000	0.054556
chr17	50500000	51500000	0.042908
chr17	51500000	52500000	0.044245
chr17	52500000	53500000	0.039602
chr17	53500000	54500000	0.041709
chr17	54500000	55500000	0.037178
chr17	55500000	56500000	0.056699
chr17	56500000	57500000	0.059513
chr17	57500000	58500000	0.037008
chr17	58500000	59500000	0.038243
chr17	59500000	60500000	0.034201
chr17	60500000	61500000	0.034252
chr17	61500000	62500000	0.035723
chr17	62500000	63500000	0.049059
chr17	63500000	64500000	0.046835
chr17	64500000	65500000	0.046523
chr17	65500000	66500000	0.056259
chr17	66500000	67500000	0.051901
chr17	67500000	68500000	0.050344
chr17	68500000	69500000	0.049284
chr17	69500000	70500000	0.042165
chr17	70500000	71500000	0.05225
chr17	71500000	72500000	0.051279
chr17	72500000	73500000	0.050362
chr17	73500000	74500000	0.050108
chr17	74500000	75500000	0.048421
chr17	75500000	76500000	0.038512
chr17	76500000	77500000	0.034
chr17	77500000	78500000	0.043202
chr17	78500000	79500000	0.048506
chr17	79500000	80500000	0.051129
chr17	80500000	81500000	0.049196
chr17	81500000	82500000	0.038021
chr17	82500000	83500000	0.048338
chr17	83500000	84500000	0.05937
chr17	84500000	85500000	0.0541
chr17	85500000	86500000	0.056815
chr17	86500000	87500000	0.059473
chr17	87500000	88500000	0.054299
chr17	88500000	89500000	0.045222
chr17	89500000	90500000	0.036949
chr17	90500000	91500000	0.036399
chr17	91500000	92500000	0.034083
chr17	92500000	93500000	0.034451
chr17	93500000	94500000	0.035228
chr17	94500000	94987271	0.0323249
chr18	2500000	3500000	0.022161
chr18	3500000	4500000	0.045389
chr18	4500000	5500000	0.050809
chr18	5500000	6500000	0.047291
chr18	6500000	7500000	0.042834
chr18	7500000	8500000	0.041885
chr18	8500000	9500000	0.041026
chr18	9500000	10500000	0.042233
chr18	10500000	11500000	0.047504
chr18	11500000	12500000	0.051795
chr18	12500000	13500000	0.050487
chr18	13500000	14500000	0.047125
chr18	14500000	15500000	0.047703
chr18	15500000	16500000	0.039441
chr18	16500000	17500000	0.039162
chr18	17500000	18500000	0.034413
chr18	18500000	19500000	0.03516
chr18	19500000	20500000	0.03798
chr18	20500000	21500000	0.049523
chr18	21500000	22500000	0.039682
chr18	22500000	23500000	0.039923
chr18	23500000	24500000	0.049544
chr18	24500000	25500000	0.048881
chr18	25500000	26500000	0.044785
chr18	26500000	27500000	0.035909
chr18	27500000	28500000	0.035955
chr18	28500000	29500000	0.03653
chr18	29500000	30500000	0.040885
chr18	30500000	31500000	0.037612
chr18	31500000	32500000	0.051413
chr18	32500000	33500000	0.043957
chr18	33500000	34500000	0.051032
chr18	34500000	35500000	0.053545
chr18	35500000	36500000	0.057611
chr18	36500000	37500000	0.046893
chr18	37500000	38500000	0.055971
chr18	38500000	39500000	0.053981
chr18	39500000	40500000	0.042541
chr18	40500000	41500000	0.03703
chr18	41500000	42500000	0.046363
chr18	42500000	43500000	0.045875
chr18	43500000	44500000	0.040474
chr18	44500000	45500000	0.042885
chr18	45500000	46500000	0.044918
chr18	46500000	47500000	0.049833
chr18	47500000	48500000	0.040176
chr18	48500000	49500000	0.037522
chr18	49500000	50500000	0.04436
chr18	50500000	51500000	0.036817
chr18	51500000	52500000	0.036951
chr18	52500000	53500000	0.048443
chr18	53500000	54500000	0.046639
chr18	54500000	55500000	0.046407
chr18	55500000	56500000	0.043518
chr18	56500000	57500000	0.050735
chr18	57500000	58500000	0.046393
chr18	58500000	59500000	0.041546
chr18	59500000	60500000	0.038703
chr18	60500000	61500000	0.06283
chr18	61500000	62500000	0.052447
chr18	62500000	63500000	0.048465
chr18	63500000	64500000	0.048411
chr18	64500000	65500000	0.052751
chr18	65500000	66500000	0.053589
chr18	66500000	67500000	0.050788
chr18	67500000	68500000	0.050472
chr18	68500000	69500000	0.046472
chr18	69500000	70500000	0.044917
chr18	70500000	71500000	0.040665
chr18	71500000	72500000	0.036585
chr18	72500000	73500000	0.04152
chr18	73500000	74500000	0.054876
chr18	74500000	75500000	0.059347
chr18	75500000	76500000	0.05754
chr18	76500000	77500000	0.053224
chr18	77500000	78500000	0.05145
chr18	78500000	79500000	0.044668
chr18	79500000	80500000	0.05079
chr18	80500000	81500000	0.056159
chr18	81500000	82500000	0.048961
chr18	82500000	83500000	0.058326
chr18	83500000	84500000	0.051708
chr18	84500000	85500000	0.046102
chr18	85500000	86500000	0.036566
chr18	86500000	87500000	0.03503
chr18	87500000	88500000	0.034371
chr18	88500000	89500000	0.036841
chr18	89500000	90500000	0.036031
chr18	90500000	90702639	0.0202232
chr19	2500000	3500000	0.02681
chr19	3500000	4500000	0.061856
chr19	4500000	5500000	0.06213
chr19	5500000	6500000	0.070112
chr19	6500000	7500000	0.057975
chr19	7500000	8500000	0.041659
chr19	8500000	9500000	0.049464
chr19	9500000	10500000	0.054011
chr19	10500000	11500000	0.049802
chr19	11500000	12500000	0.042804
chr19	12500000	13500000	0.037252
chr19	13500000	14500000	0.038165
chr19	14500000	15500000	0.041965
chr19	15500000	16500000	0.048912
chr19	16500000	17500000	0.046842
chr19	17500000	18500000	0.041584
chr19	18500000	19500000	0.042223
chr19	19500000	20500000	0.035963
chr19	20500000	21500000	0.042839
chr19	21500000	22500000	0.044861
chr19	22500000	23500000	0.047076
chr19	23500000	24500000	0.052959
chr19	24500000	25500000	0.05379
chr19	25500000	26500000	0.046124
chr19	26500000	27500000	0.048828
chr19	27500000	28500000	0.045476
chr19	28500000	29500000	0.051145
chr19	29500000	30500000	0.046784
chr19	30500000	31500000	0.042188
chr19	31500000	32500000	0.046756
chr19	32500000	33500000	0.045491
chr19	33500000	34500000	0.039126
chr19	34500000	35500000	0.04215
chr19	35500000	36500000	0.043291
chr19	36500000	37500000	0.049741
chr19	37500000	38500000	0.052099
chr19	38500000	39500000	0.042886
chr19	39500000	40500000	0.042374
chr19	40500000	41500000	0.0546
chr19	41500000	42500000	0.061462
chr19	42500000	43500000	0.047566
chr19	43500000	44500000	0.056698
chr19	44500000	45500000	0.060065
chr19	45500000	46500000	0.060147
chr19	46500000	47500000	0.062927
chr19	47500000	48500000	0.054452
chr19	48500000	49500000	0.040357
chr19	49500000	50500000	0.040564
chr19	50500000	51500000	0.036808
chr19	51500000	52500000	0.036303
chr19	52500000	53500000	0.051673
chr19	53500000	54500000	0.052336
chr19	54500000	55500000	0.049151
chr19	55500000	56500000	0.058371
chr19	56500000	57500000	0.059279
chr19	57500000	58500000	0.052921
chr19	58500000	59500000	0.053099
chr19	59500000	60500000	0.045348
chr19	60500000	61431566	0.0401754
chrX	2500000	3500000	0.015094
chrX	3500000	4500000	0.03243
chrX	4500000	5500000	0.034132
chrX	5500000	6500000	0.04069
chrX	6500000	7500000	0.03954
chrX	7500000	8500000	0.054308
chrX	8500000	9500000	0.045251
chrX	9500000	10500000	0.04191
chrX	10500000	11500000	0.046247
chrX	11500000	12500000	0.058287
chrX	12500000	13500000	0.049097
chrX	13500000	14500000	0.038739
chrX	14500000	15500000	0.036215
chrX	15500000	16500000	0.035922
chrX	16500000	17500000	0.037787
chrX	17500000	18500000	0.041046
chrX	18500000	19500000	0.037093
chrX	19500000	20500000	0.039036
chrX	20500000	21500000	0.043972
chrX	21500000	22500000	0.03621
chrX	22500000	23500000	0.037345
chrX	23500000	24500000	0.037926
chrX	24500000	25500000	0.027345
chrX	25500000	26500000	0.0361
chrX	26500000	27500000	0.031153
chrX	27500000	28500000	0.033454
chrX	28500000	29500000	0.031694
chrX	29500000	30500000	0.036258
chrX	30500000	31500000	0.030152
chrX	31500000	32500000	0.028744
chrX	32500000	33500000	0.034715
chrX	33500000	34500000	0.032943
chrX	34500000	35500000	0.0325
chrX	35500000	36500000	0.042412
chrX	36500000	37500000	0.044355
chrX	37500000	38500000	0.04279
chrX	38500000	39500000	0.038957
chrX	39500000	40500000	0.033982
chrX	40500000	41500000	0.034963
chrX	41500000	42500000	0.041882
chrX	42500000	43500000	0.035392
chrX	43500000	44500000	0.033869
chrX	44500000	45500000	0.032996
chrX	45500000	46500000	0.032771
chrX	46500000	47500000	0.035771
chrX	47500000	48500000	0.047793
chrX	48500000	49500000	0.041542
chrX	49500000	50500000	0.036866
chrX	50500000	51500000	0.043295
chrX	51500000	52500000	0.045007
chrX	52500000	53500000	0.044598
chrX	53500000	54500000	0.038066
chrX	54500000	55500000	0.032736
chrX	55500000	56500000	0.04077
chrX	56500000	57500000	0.04469
chrX	57500000	58500000	0.043231
chrX	58500000	59500000	0.037425
chrX	59500000	60500000	0.038504
chrX	60500000	61500000	0.04065
chrX	61500000	62500000	0.035807
chrX	62500000	63500000	0.034486
chrX	63500000	64500000	0.03408
chrX	64500000	65500000	0.034118
chrX	65500000	66500000	0.034785
chrX	66500000	67500000	0.035443
chrX	67500000	68500000	0.034637
chrX	68500000	69500000	0.03746
chrX	69500000	70500000	0.039466
chrX	70500000	71500000	0.044289
chrX	71500000	72500000	0.042264
chrX	72500000	73500000	0.046748
chrX	73500000	74500000	0.05351
chrX	74500000	75500000	0.042852
chrX	75500000	76500000	0.040467
chrX	76500000	77500000	0.039026
chrX	77500000	78500000	0.03885
chrX	78500000	79500000	0.036729
chrX	79500000	80500000	0.0355
chrX	80500000	81500000	0.03528
chrX	81500000	82500000	0.035227
chrX	82500000	83500000	0.03338
chrX	83500000	84500000	0.031738
chrX	84500000	85500000	0.036533
chrX	85500000	86500000	0.039929
chrX	86500000	87500000	0.033766
chrX	87500000	88500000	0.032799
chrX	88500000	89500000	0.034934
chrX	89500000	90500000	0.034676
chrX	90500000	91500000	0.035395
chrX	91500000	92500000	0.036996
chrX	92500000	93500000	0.038761
chrX	93500000	94500000	0.046819
chrX	94500000	95500000	0.040093
chrX	95500000	96500000	0.038946
chrX	96500000	97500000	0.03576
chrX	97500000	98500000	0.035535
chrX	98500000	99500000	0.049844
chrX	99500000	100500000	0.044401
chrX	100500000	101500000	0.047288
chrX	101500000	102500000	0.051029
chrX	102500000	103500000	0.046127
chrX	103500000	104500000	0.043542
chrX	104500000	105500000	0.039621
chrX	105500000	106500000	0.042682
chrX	106500000	107500000	0.036052
chrX	107500000	108500000	0.035437
chrX	108500000	109500000	0.036095
chrX	109500000	110500000	0.034021
chrX	110500000	111500000	0.02961
chrX	111500000	112500000	0.035237
chrX	112500000	113500000	0.035143
chrX	113500000	114500000	0.034876
chrX	114500000	115500000	0.034829
chrX	115500000	116500000	0.033519
chrX	116500000	117500000	0.033881
chrX	117500000	118500000	0.032879
chrX	118500000	119500000	0.033208
chrX	119500000	120500000	0.03412
chrX	120500000	121500000	0.033477
chrX	121500000	122500000	0.034485
chrX	122500000	123500000	0.034967
chrX	123500000	124500000	0.036285
chrX	124500000	125500000	0.021631
chrX	125500000	126500000	0.033743
chrX	126500000	127500000	0.032426
chrX	127500000	128500000	0.034048
chrX	128500000	129500000	0.035412
chrX	129500000	130500000	0.035098
chrX	130500000	131500000	0.036782
chrX	131500000	132500000	0.034387
chrX	132500000	133500000	0.033968
chrX	133500000	134500000	0.044124
chrX	134500000	135500000	0.043985
chrX	135500000	136500000	0.043069
chrX	136500000	137500000	0.043254
chrX	137500000	138500000	0.035536
chrX	138500000	139500000	0.038338
chrX	139500000	140500000	0.044287
chrX	140500000	141500000	0.037345
chrX	141500000	142500000	0.039447
chrX	142500000	143500000	0.044653
chrX	143500000	144500000	0.041208
chrX	144500000	145500000	0.037812
chrX	145500000	146500000	0.034882
chrX	146500000	147500000	0.034448
chrX	147500000	148500000	0.040145
chrX	148500000	149500000	0.040455
chrX	149500000	150500000	0.041334
chrX	150500000	151500000	0.043131
chrX	151500000	152500000	0.043179
chrX	152500000	153500000	0.042469
chrX	153500000	154500000	0.03964
chrX	154500000	155500000	0.038956
chrX	155500000	156500000	0.034079
chrX	156500000	157500000	0.037791
chrX	157500000	158500000	0.038487
chrX	158500000	159500000	0.040729
chrX	159500000	160500000	0.044715
chrX	160500000	161500000	0.041713
chrX	161500000	162500000	0.042935
chrX	162500000	163500000	0.045239
chrX	163500000	164500000	0.043959
chrX	164500000	165500000	0.038123
chrX	165500000	166500000	0.041134
chrX	166500000	167500000	0.043139
chrX	167500000	168500000	0.038717
chrX	168500000	169500000	0.039041
chrX	169500000	170500000	0.021132
chrX	170500000	171031299	0.0130623
chrY	500000	1500000	0.031826
chrY	1500000	2500000	0.038013
chrY	2500000	3500000	0.022708
chrY	3500000	4500000	0.027023
chrY	4500000	5500000	0.035058
chrY	5500000	6500000	0.035572
chrY	6500000	7500000	0.035992
chrY	7500000	8500000	0.035951
chrY	8500000	9500000	0.034891
chrY	9500000	10500000	0.035183
chrY	10500000	11500000	0.036026
chrY	11500000	12500000	0.034276
chrY	12500000	13500000	0.035191
chrY	13500000	14500000	0.035651
chrY	14500000	15500000	0.037574
chrY	15500000	16500000	0.035651
chrY	16500000	17500000	0.033325
chrY	17500000	18500000	0.034114
chrY	18500000	19500000	0.033274
chrY	19500000	20500000	0.036588
chrY	20500000	21500000	0.037255
chrY	21500000	22500000	0.028759
chrY	22500000	23500000	0.033653
chrY	23500000	24500000	0.036513
chrY	24500000	25500000	0.036402
chrY	25500000	26500000	0.036493
chrY	26500000	27500000	0.036406
chrY	27500000	28500000	0.036449
chrY	28500000	29500000	0.035707
chrY	29500000	30500000	0.036634
chrY	30500000	31500000	0.036942
chrY	31500000	32500000	0.036827
chrY	32500000	33500000	0.036791
chrY	33500000	34500000	0.036262
chrY	34500000	35500000	0.036322
chrY	35500000	36500000	0.03629
chrY	36500000	37500000	0.028697
chrY	37500000	38500000	0.036082
chrY	38500000	39500000	0.035202
chrY	39500000	40500000	0.037259
chrY	40500000	41500000	0.03666
chrY	41500000	42500000	0.036389
chrY	42500000	43500000	0.037436
chrY	43500000	44500000	0.036445
chrY	44500000	45500000	0.035171
chrY	45500000	46500000	0.034187
chrY	46500000	47500000	0.035864
chrY	47500000	48500000	0.036786
chrY	48500000	49500000	0.032325
chrY	49500000	50500000	0.036019
chrY	50500000	51500000	0.036679
chrY	51500000	52500000	0.033627
chrY	52500000	53500000	0.036124
chrY	53500000	54500000	0.035978
chrY	54500000	55500000	0.036587
chrY	55500000	56500000	0.036496
chrY	56500000	57500000	0.029288
chrY	57500000	58500000	0.03469
chrY	58500000	59500000	0.037994
chrY	59500000	60500000	0.036327
chrY	60500000	61500000	0.036571
chrY	61500000	62500000	0.036724
chrY	62500000	63500000	0.036382
chrY	63500000	64500000	0.034039
chrY	64500000	65500000	0.034971
chrY	65500000	66500000	0.030763
chrY	66500000	67500000	0.03625
chrY	67500000	68500000	0.035909
chrY	68500000	69500000	0.034862
chrY	69500000	70500000	0.034472
chrY	70500000	71500000	0.036169
chrY	71500000	72500000	0.035976
chrY	72500000	73500000	0.036056
chrY	73500000	74500000	0.035764
chrY	74500000	75500000	0.036904
chrY	75500000	76500000	0.036436
chrY	76500000	77500000	0.036258
chrY	77500000	78500000	0.036143
chrY	78500000	79500000	0.036019
chrY	79500000	80500000	0.035615
chrY	80500000	81500000	0.036639
chrY	81500000	82500000	0.036007
chrY	82500000	83500000	0.035813
chrY	83500000	84500000	0.035377
chrY	84500000	85500000	0.036194
chrY	85500000	86500000	0.036112
chrY	86500000	87500000	0.035883
chrY	87500000	88500000	0.037104
chrY	88500000	89500000	0.035955
chrY	89500000	90500000	0.035419
chrY	90500000	91500000	0.015466
JH584299.1	500000	953012	0.039553
